/*--------------------------------*- C++ -*----------------------------------*\
  =========                 |
  \\      /  F ield         | OpenFOAM: The Open Source CFD Toolbox
   \\    /   O peration     | Website:  https://openfoam.org
    \\  /    A nd           | Version:  9
     \\/     M anipulation  |
\*---------------------------------------------------------------------------*/
FoamFile
{
    format      ascii;
    class       volScalarField;
    location    "0.1";
    object      p;
}
// * * * * * * * * * * * * * * * * * * * * * * * * * * * * * * * * * * * * * //

dimensions      [0 2 -2 0 0 0 0];

internalField   nonuniform List<scalar> 
12225
(
1902.6
1884.46
1863.74
1847.8
1833.48
1819.98
1807.16
1794.89
1783.08
1771.65
1760.48
1749.5
1738.57
1727.57
1716.28
1704.41
1691.55
1676.86
1902.35
1884.18
1863.57
1847.71
1833.4
1819.92
1807.1
1794.83
1783.02
1771.58
1760.41
1749.42
1738.49
1727.49
1716.21
1704.37
1691.58
1677.32
1902.57
1883.89
1863.27
1847.52
1833.25
1819.79
1806.98
1794.71
1782.9
1771.46
1760.29
1749.31
1738.39
1727.41
1716.19
1704.49
1692.02
1678.72
1902.63
1883.44
1862.83
1847.23
1833.01
1819.57
1806.78
1794.52
1782.72
1771.28
1760.12
1749.15
1738.26
1727.33
1716.23
1704.77
1692.8
1680.44
1902.28
1882.83
1862.28
1846.83
1832.68
1819.28
1806.5
1794.26
1782.47
1771.04
1759.89
1748.95
1738.11
1727.27
1716.33
1705.17
1693.74
1682.32
1901.6
1882.11
1861.64
1846.34
1832.27
1818.91
1806.16
1793.94
1782.16
1770.74
1759.63
1748.72
1737.95
1727.24
1716.5
1705.66
1694.78
1684.24
1900.7
1881.35
1860.97
1845.78
1831.79
1818.48
1805.76
1793.56
1781.8
1770.41
1759.33
1748.49
1737.81
1727.24
1716.73
1706.23
1695.88
1686.14
1899.69
1880.59
1860.31
1845.19
1831.27
1818.01
1805.32
1793.14
1781.41
1770.06
1759.03
1748.26
1737.69
1727.29
1717.01
1706.87
1697.02
1687.97
1898.63
1879.85
1859.68
1844.6
1830.73
1817.5
1804.85
1792.7
1781
1769.69
1758.72
1748.04
1737.6
1727.38
1717.35
1707.54
1698.17
1689.7
1897.6
1879.16
1859.1
1844.01
1830.17
1816.97
1804.34
1792.23
1780.56
1769.31
1758.41
1747.82
1737.52
1727.48
1717.69
1708.21
1699.26
1691.26
1896.59
1878.48
1858.56
1843.44
1829.61
1816.43
1803.84
1791.75
1780.13
1768.93
1758.11
1747.63
1737.47
1727.61
1718.06
1708.87
1700.29
1692.66
1895.64
1877.77
1858
1842.87
1829.03
1815.88
1803.31
1791.27
1779.7
1768.56
1757.82
1747.45
1737.43
1727.74
1718.41
1709.48
1701.19
1693.92
1894.52
1877.01
1857.46
1842.29
1828.45
1815.32
1802.79
1790.79
1779.27
1768.2
1757.55
1747.29
1737.41
1727.9
1718.77
1710.07
1702.06
1694.96
1892.76
1876.02
1856.9
1841.75
1827.94
1814.85
1802.37
1790.42
1778.97
1767.97
1757.42
1747.27
1737.53
1728.18
1719.24
1710.75
1702.97
1695.97
1890.68
1874.87
1856.28
1841.23
1827.48
1814.45
1802.02
1790.14
1778.77
1767.86
1757.4
1747.38
1737.77
1728.57
1719.79
1711.45
1703.86
1696.89
1888.46
1873.54
1855.55
1840.69
1827.06
1814.12
1801.79
1790.01
1778.73
1767.92
1757.58
1747.67
1738.19
1729.12
1720.46
1712.24
1704.77
1697.77
1886.32
1872.13
1854.72
1840.12
1826.66
1813.87
1801.66
1789.99
1778.83
1768.14
1757.91
1748.12
1738.74
1729.78
1721.21
1713.05
1705.64
1698.56
1884.53
1870.85
1853.9
1839.57
1826.31
1813.68
1801.62
1790.08
1779.04
1768.46
1758.34
1748.64
1739.35
1730.45
1721.93
1713.79
1706.39
1699.19
1883.44
1869.96
1853.27
1839.16
1826.09
1813.61
1801.68
1790.26
1779.31
1768.82
1758.77
1749.12
1739.88
1731
1722.48
1714.32
1706.89
1699.57
1883.58
1869.93
1853.2
1839.15
1826.14
1813.73
1801.85
1790.46
1779.54
1769.07
1759.02
1749.36
1740.1
1731.19
1722.63
1714.43
1706.92
1699.59
1884.11
1870.15
1853.26
1839.2
1826.23
1813.85
1801.99
1790.61
1779.69
1769.21
1759.14
1749.46
1740.17
1731.23
1722.62
1714.38
1706.8
1699.46
1884.81
1870.47
1853.37
1839.3
1826.33
1813.96
1802.11
1790.72
1779.79
1769.28
1759.17
1749.46
1740.12
1731.14
1722.49
1714.18
1706.52
1699.17
1885.6
1870.83
1853.51
1839.42
1826.45
1814.08
1802.2
1790.8
1779.84
1769.3
1759.16
1749.4
1740.01
1730.97
1722.27
1713.9
1706.14
1698.76
1886.41
1871.18
1853.65
1839.56
1826.59
1814.19
1802.29
1790.86
1779.87
1769.3
1759.12
1749.32
1739.88
1730.79
1722.02
1713.58
1705.71
1698.28
1887.16
1871.49
1853.81
1839.73
1826.74
1814.31
1802.38
1790.92
1779.9
1769.29
1759.08
1749.23
1739.75
1730.6
1721.77
1713.26
1705.26
1697.77
1887.74
1871.75
1853.99
1839.9
1826.89
1814.43
1802.47
1790.98
1779.92
1769.28
1759.04
1749.16
1739.63
1730.43
1721.54
1712.96
1704.84
1697.25
1888
1871.97
1854.18
1840.07
1827.02
1814.53
1802.55
1791.03
1779.94
1769.28
1759
1749.09
1739.53
1730.29
1721.36
1712.71
1704.45
1696.74
1887.8
1872.1
1854.35
1840.2
1827.13
1814.62
1802.61
1791.06
1779.96
1769.27
1758.97
1749.04
1739.45
1730.19
1721.21
1712.52
1704.15
1696.26
1887.29
1872.15
1854.47
1840.28
1827.2
1814.67
1802.64
1791.08
1779.96
1769.26
1758.95
1749
1739.4
1730.11
1721.12
1712.4
1703.94
1695.84
1887.24
1872.31
1854.55
1840.32
1827.23
1814.69
1802.66
1791.09
1779.97
1769.26
1758.94
1748.99
1739.38
1730.08
1721.08
1712.35
1703.86
1695.59
1498.12
1498.13
1498.04
1497.88
1497.67
1497.39
1497.06
1496.67
1496.2
1495.65
1495.02
1494.3
1493.48
1492.56
1491.51
1490.34
1489.05
1487.64
1486.1
1484.45
1482.73
1480.95
1479.11
1477.22
1475.27
1473.26
1471.26
1469.07
1466.57
1463.98
1461.42
1458.89
1456.39
1453.88
1451.36
1448.82
1446.26
1443.65
1441
1438.3
1435.55
1432.75
1429.89
1426.98
1424
1420.97
1417.88
1414.73
1411.52
1408.25
1404.92
1401.53
1398.08
1394.57
1391
1387.36
1383.67
1379.91
1376.09
1372.21
1368.27
1364.27
1360.21
1356.09
1351.9
1347.66
1343.34
1338.96
1334.52
1330
1325.41
1320.74
1315.99
1311.15
1306.22
1301.19
1296.06
1290.8
1285.43
1279.91
1274.24
1268.4
1262.38
1256.15
1249.7
1242.98
1235.98
1228.66
1220.98
1212.91
1204.42
1195.71
1187.24
1179.21
1171.53
1164.18
1157.09
1150.22
1143.53
1136.98
1130.54
1124.19
1117.91
1111.67
1105.45
1099.25
1093.05
1086.85
1080.63
1074.39
1068.12
1061.82
1055.48
1049.11
1042.7
1036.25
1029.77
1023.24
1016.68
1010.11
1003.72
997.374
990.936
984.516
978.07
971.583
965.061
958.504
951.909
945.273
938.586
931.842
925.026
918.124
911.118
903.984
896.694
889.221
881.548
873.676
865.634
857.465
849.217
840.926
832.61
824.273
815.911
807.514
799.071
790.576
782.024
773.413
764.743
756.017
747.237
738.407
729.529
720.606
711.638
702.629
693.579
684.489
675.361
666.195
656.993
647.753
638.478
629.168
619.825
610.45
601.047
591.622
582.18
572.733
563.295
553.886
544.542
535.315
526.306
517.743
1498.38
1498.35
1498.24
1498.08
1497.88
1497.62
1497.31
1496.92
1496.46
1495.91
1495.28
1494.56
1493.73
1492.8
1491.75
1490.57
1489.29
1487.89
1486.39
1484.81
1483.14
1481.41
1479.62
1477.77
1475.89
1473.92
1471.86
1469.6
1467.14
1464.6
1462.03
1459.47
1456.92
1454.37
1451.81
1449.24
1446.63
1443.99
1441.31
1438.58
1435.81
1432.99
1430.11
1427.18
1424.19
1421.14
1418.03
1414.87
1411.65
1408.36
1405.02
1401.62
1398.16
1394.63
1391.05
1387.39
1383.68
1379.91
1376.08
1372.18
1368.22
1364.21
1360.13
1355.99
1351.78
1347.51
1343.18
1338.78
1334.31
1329.77
1325.15
1320.46
1315.68
1310.82
1305.86
1300.8
1295.64
1290.36
1284.95
1279.4
1273.7
1267.84
1261.79
1255.54
1249.06
1242.33
1235.33
1228.02
1220.37
1212.39
1204.13
1195.77
1187.52
1179.54
1171.88
1164.52
1157.42
1150.53
1143.81
1137.24
1130.78
1124.4
1118.09
1111.83
1105.6
1099.38
1093.17
1086.95
1080.72
1074.47
1068.19
1061.88
1055.54
1049.16
1042.74
1036.29
1029.8
1023.28
1016.73
1010.2
1003.8
997.414
990.963
984.525
978.058
971.554
965.015
958.442
951.831
945.18
938.481
931.725
924.899
917.988
910.974
903.834
896.542
889.074
881.414
873.562
865.541
857.391
849.159
840.878
832.571
824.241
815.884
807.491
799.053
790.562
782.014
773.406
764.739
756.014
747.236
738.407
729.531
720.608
711.642
702.633
693.583
684.493
675.365
666.2
656.997
647.757
638.481
629.171
619.826
610.45
601.046
591.618
582.174
572.723
563.279
553.862
544.505
535.254
526.194
517.475
1498.95
1498.92
1498.82
1498.68
1498.49
1498.26
1497.96
1497.59
1497.13
1496.6
1495.97
1495.24
1494.42
1493.49
1492.45
1491.29
1490.02
1488.64
1487.17
1485.61
1483.96
1482.25
1480.47
1478.62
1476.69
1474.68
1472.57
1470.35
1467.99
1465.54
1463.02
1460.47
1457.9
1455.32
1452.71
1450.09
1447.43
1444.74
1442.01
1439.24
1436.42
1433.55
1430.63
1427.66
1424.63
1421.55
1418.41
1415.21
1411.95
1408.63
1405.25
1401.82
1398.33
1394.77
1391.15
1387.47
1383.73
1379.93
1376.06
1372.14
1368.15
1364.1
1359.99
1355.82
1351.58
1347.28
1342.91
1338.47
1333.96
1329.38
1324.73
1319.99
1315.17
1310.27
1305.27
1300.17
1294.96
1289.63
1284.18
1278.59
1272.86
1266.95
1260.87
1254.6
1248.1
1241.37
1234.38
1227.12
1219.57
1211.76
1203.79
1195.75
1187.77
1179.94
1172.36
1165.03
1157.92
1151.02
1144.28
1137.68
1131.18
1124.78
1118.44
1112.15
1105.89
1099.64
1093.41
1087.17
1080.91
1074.64
1068.34
1062.02
1055.66
1049.27
1042.85
1036.38
1029.89
1023.36
1016.82
1010.31
1003.86
997.418
990.962
984.508
978.024
971.501
964.943
958.349
951.715
945.039
938.315
931.535
924.687
917.757
910.726
903.572
896.273
888.807
881.161
873.335
865.349
857.235
849.034
840.779
832.491
824.176
815.832
807.45
799.021
790.538
781.996
773.394
764.732
756.011
747.236
738.41
729.536
720.615
711.649
702.641
693.592
684.503
675.375
666.209
657.005
647.765
638.488
629.176
619.83
610.451
601.044
591.611
582.161
572.701
563.246
553.813
544.428
535.132
525.981
517.049
1499.86
1499.84
1499.77
1499.65
1499.49
1499.28
1498.99
1498.64
1498.19
1497.66
1497.03
1496.31
1495.48
1494.55
1493.51
1492.37
1491.12
1489.76
1488.32
1486.78
1485.15
1483.45
1481.66
1479.79
1477.84
1475.79
1473.66
1471.44
1469.13
1466.73
1464.25
1461.72
1459.15
1456.54
1453.89
1451.22
1448.51
1445.76
1442.97
1440.14
1437.27
1434.35
1431.37
1428.35
1425.27
1422.14
1418.95
1415.7
1412.39
1409.03
1405.61
1402.14
1398.6
1395.01
1391.35
1387.63
1383.85
1380
1376.1
1372.13
1368.1
1364.01
1359.86
1355.64
1351.35
1347
1342.59
1338.1
1333.55
1328.92
1324.21
1319.42
1314.55
1309.59
1304.54
1299.38
1294.12
1288.74
1283.24
1277.61
1271.83
1265.89
1259.78
1253.48
1246.98
1240.27
1233.33
1226.16
1218.76
1211.17
1203.48
1195.76
1188.04
1180.41
1172.94
1165.67
1158.59
1151.68
1144.92
1138.29
1131.76
1125.32
1118.94
1112.61
1106.31
1100.03
1093.76
1087.49
1081.21
1074.91
1068.58
1062.24
1055.86
1049.45
1043.01
1036.53
1030.03
1023.5
1016.97
1010.45
1003.96
997.488
991.004
984.517
978.003
971.451
964.864
958.24
951.576
944.868
938.112
931.301
924.424
917.468
910.415
903.246
895.938
888.473
880.84
873.04
865.091
857.019
848.859
840.638
832.378
824.086
815.761
807.395
798.979
790.507
781.974
773.38
764.724
756.009
747.238
738.417
729.546
720.627
711.663
702.655
693.607
684.518
675.39
666.224
657.02
647.778
638.5
629.186
619.836
610.454
601.041
591.602
582.142
572.67
563.197
553.738
544.314
534.954
525.687
516.53
1501.18
1501.2
1501.16
1501.07
1500.94
1500.74
1500.47
1500.12
1499.68
1499.14
1498.51
1497.78
1496.95
1496.01
1494.98
1493.84
1492.6
1491.26
1489.83
1488.3
1486.68
1484.97
1483.17
1481.29
1479.32
1477.25
1475.11
1472.88
1470.57
1468.18
1465.71
1463.18
1460.6
1457.97
1455.29
1452.57
1449.81
1447.01
1444.16
1441.28
1438.34
1435.36
1432.33
1429.24
1426.11
1422.92
1419.67
1416.37
1413.01
1409.59
1406.12
1402.6
1399.01
1395.37
1391.66
1387.89
1384.06
1380.16
1376.21
1372.19
1368.11
1363.97
1359.76
1355.49
1351.15
1346.75
1342.28
1337.74
1333.13
1328.44
1323.67
1318.83
1313.9
1308.88
1303.77
1298.56
1293.24
1287.81
1282.26
1276.58
1270.75
1264.78
1258.65
1252.35
1245.87
1239.2
1232.33
1225.28
1218.04
1210.68
1203.25
1195.79
1188.31
1180.87
1173.54
1166.36
1159.32
1152.42
1145.66
1139
1132.45
1125.97
1119.55
1113.18
1106.84
1100.52
1094.21
1087.9
1081.59
1075.25
1068.9
1062.52
1056.12
1049.69
1043.23
1036.74
1030.22
1023.69
1017.15
1010.62
1004.1
997.588
991.072
984.55
978
971.412
964.791
958.132
951.432
944.688
937.896
931.049
924.138
917.151
910.072
902.882
895.563
888.096
880.475
872.701
864.788
856.759
848.643
840.464
832.239
823.977
815.676
807.33
798.93
790.472
781.95
773.365
764.717
756.008
747.243
738.427
729.56
720.644
711.682
702.676
693.629
684.541
675.413
666.247
657.042
647.799
638.518
629.201
619.848
610.46
601.04
591.592
582.119
572.63
563.134
553.641
544.168
534.729
525.335
515.965
1503.04
1503.09
1503.08
1503.02
1502.9
1502.72
1502.45
1502.09
1501.64
1501.09
1500.45
1499.7
1498.86
1497.91
1496.86
1495.72
1494.47
1493.13
1491.69
1490.15
1488.52
1486.8
1484.99
1483.08
1481.09
1479.01
1476.85
1474.6
1472.28
1469.87
1467.4
1464.86
1462.26
1459.6
1456.89
1454.13
1451.32
1448.47
1445.57
1442.62
1439.63
1436.58
1433.49
1430.34
1427.14
1423.89
1420.58
1417.22
1413.8
1410.32
1406.79
1403.21
1399.57
1395.87
1392.1
1388.27
1384.39
1380.44
1376.42
1372.35
1368.21
1364.01
1359.75
1355.42
1351.02
1346.56
1342.03
1337.43
1332.75
1328
1323.18
1318.27
1313.28
1308.2
1303.03
1297.76
1292.39
1286.91
1281.31
1275.59
1269.74
1263.74
1257.6
1251.31
1244.86
1238.24
1231.46
1224.53
1217.46
1210.3
1203.09
1195.85
1188.58
1181.32
1174.12
1167.03
1160.05
1153.19
1146.43
1139.76
1133.19
1126.68
1120.23
1113.82
1107.44
1101.08
1094.74
1088.39
1082.03
1075.67
1069.28
1062.87
1056.44
1049.98
1043.5
1036.99
1030.46
1023.91
1017.36
1010.81
1004.26
997.711
991.16
984.603
978.016
971.39
964.73
958.032
951.293
944.51
937.679
930.793
923.845
916.824
909.716
902.504
895.17
887.701
880.09
872.338
864.458
856.471
848.399
840.264
832.08
823.852
815.581
807.258
798.878
790.435
781.926
773.351
764.712
756.01
747.252
738.441
729.58
720.667
711.708
702.704
693.658
684.571
675.443
666.277
657.071
647.826
638.544
629.223
619.865
610.47
601.042
591.582
582.094
572.584
563.059
553.527
543.995
534.471
524.946
515.383
1505.54
1505.61
1505.6
1505.54
1505.42
1505.22
1504.94
1504.56
1504.09
1503.52
1502.85
1502.07
1501.2
1500.23
1499.16
1497.99
1496.72
1495.36
1493.9
1492.34
1490.69
1488.94
1487.1
1485.18
1483.16
1481.06
1478.87
1476.6
1474.25
1471.83
1469.33
1466.77
1464.14
1461.45
1458.7
1455.9
1453.05
1450.14
1447.19
1444.18
1441.12
1438.01
1434.85
1431.64
1428.37
1425.05
1421.68
1418.25
1414.76
1411.22
1407.62
1403.98
1400.27
1396.51
1392.69
1388.8
1384.85
1380.84
1376.76
1372.63
1368.43
1364.16
1359.84
1355.44
1350.99
1346.46
1341.87
1337.2
1332.46
1327.65
1322.76
1317.8
1312.75
1307.61
1302.38
1297.06
1291.63
1286.1
1280.46
1274.71
1268.83
1262.83
1256.69
1250.41
1244
1237.44
1230.75
1223.93
1217.02
1210.04
1203.02
1195.95
1188.85
1181.74
1174.68
1167.68
1160.76
1153.94
1147.2
1140.54
1133.95
1127.42
1120.94
1114.5
1108.09
1101.69
1095.31
1088.92
1082.53
1076.13
1069.71
1063.27
1056.81
1050.32
1043.82
1037.28
1030.73
1024.17
1017.59
1011.02
1004.44
997.854
991.269
984.676
978.051
971.386
964.685
957.947
951.167
944.343
937.471
930.544
923.557
916.501
909.361
902.125
894.777
887.304
879.7
871.968
864.118
856.168
848.139
840.047
831.905
823.716
815.477
807.183
798.825
790.4
781.905
773.341
764.71
756.017
747.265
738.461
729.605
720.696
711.74
702.739
693.694
684.608
675.481
666.314
657.108
647.861
638.576
629.251
619.887
610.485
601.047
591.573
582.067
572.534
562.976
553.399
543.805
534.19
524.538
514.804
1508.84
1508.89
1508.83
1508.72
1508.55
1508.31
1507.98
1507.56
1507.04
1506.43
1505.71
1504.9
1503.99
1502.97
1501.87
1500.66
1499.36
1497.96
1496.46
1494.87
1493.18
1491.41
1489.54
1487.58
1485.53
1483.39
1481.17
1478.87
1476.5
1474.04
1471.52
1468.92
1466.26
1463.53
1460.74
1457.89
1454.99
1452.02
1449.01
1445.94
1442.82
1439.64
1436.41
1433.13
1429.79
1426.4
1422.96
1419.46
1415.9
1412.29
1408.63
1404.91
1401.14
1397.32
1393.43
1389.47
1385.46
1381.38
1377.24
1373.04
1368.77
1364.44
1360.05
1355.59
1351.07
1346.48
1341.82
1337.09
1332.29
1327.41
1322.46
1317.43
1312.32
1307.13
1301.84
1296.47
1291
1285.43
1279.75
1273.97
1268.08
1262.06
1255.93
1249.68
1243.3
1236.81
1230.21
1223.5
1216.72
1209.89
1203.02
1196.1
1189.13
1182.16
1175.2
1168.3
1161.45
1154.67
1147.95
1141.3
1134.71
1128.17
1121.67
1115.2
1108.76
1102.34
1095.92
1089.5
1083.07
1076.64
1070.18
1063.71
1057.22
1050.71
1044.17
1037.61
1031.04
1024.45
1017.85
1011.25
1004.64
998.017
991.397
984.769
978.107
971.402
964.661
957.881
951.059
944.194
937.279
930.312
923.285
916.192
909.021
901.761
894.397
886.918
879.32
871.604
863.779
855.863
847.872
839.822
831.721
823.572
815.369
807.105
798.772
790.367
781.887
773.335
764.714
756.029
747.284
738.487
729.637
720.733
711.779
702.781
693.738
684.653
675.527
666.36
657.152
647.904
638.616
629.286
619.916
610.506
601.056
591.567
582.041
572.481
562.889
553.263
543.602
533.898
524.125
514.238
1513.01
1512.97
1512.79
1512.57
1512.31
1511.98
1511.58
1511.08
1510.5
1509.82
1509.05
1508.17
1507.21
1506.14
1504.98
1503.72
1502.37
1500.92
1499.38
1497.75
1496.02
1494.2
1492.29
1490.29
1488.2
1486.03
1483.77
1481.43
1479.02
1476.53
1473.96
1471.32
1468.61
1465.84
1463
1460.1
1457.14
1454.12
1451.04
1447.91
1444.72
1441.48
1438.18
1434.82
1431.41
1427.95
1424.43
1420.86
1417.23
1413.55
1409.81
1406.02
1402.18
1398.29
1394.33
1390.31
1386.22
1382.07
1377.86
1373.59
1369.26
1364.86
1360.4
1355.88
1351.29
1346.63
1341.91
1337.11
1332.25
1327.31
1322.3
1317.21
1312.04
1306.79
1301.45
1296.03
1290.51
1284.91
1279.2
1273.4
1267.49
1261.47
1255.35
1249.12
1242.79
1236.36
1229.83
1223.22
1216.56
1209.85
1203.1
1196.29
1189.44
1182.57
1175.72
1168.89
1162.11
1155.37
1148.69
1142.05
1135.46
1128.92
1122.4
1115.92
1109.46
1103
1096.55
1090.1
1083.65
1077.18
1070.69
1064.19
1057.67
1051.12
1044.56
1037.98
1031.38
1024.76
1018.14
1011.5
1004.86
998.202
991.548
984.885
978.187
971.443
964.66
957.838
950.975
944.067
937.111
930.103
923.037
915.908
908.705
901.42
894.039
886.554
878.959
871.256
863.453
855.566
847.609
839.597
831.535
823.425
815.258
807.026
798.721
790.337
781.874
773.335
764.724
756.047
747.31
738.519
729.675
720.776
711.826
702.83
693.79
684.706
675.581
666.414
657.206
647.956
638.664
629.33
619.953
610.533
601.07
591.565
582.018
572.43
562.799
553.123
543.395
533.602
523.715
513.692
1517.87
1517.69
1517.39
1517.04
1516.65
1516.21
1515.71
1515.12
1514.45
1513.69
1512.84
1511.9
1510.86
1509.73
1508.5
1507.19
1505.77
1504.27
1502.67
1500.98
1499.2
1497.33
1495.37
1493.32
1491.19
1488.97
1486.67
1484.28
1481.82
1479.28
1476.66
1473.98
1471.22
1468.39
1465.5
1462.54
1459.52
1456.43
1453.29
1450.09
1446.83
1443.51
1440.14
1436.71
1433.23
1429.69
1426.1
1422.45
1418.74
1414.99
1411.17
1407.31
1403.4
1399.43
1395.4
1391.31
1387.15
1382.93
1378.65
1374.31
1369.91
1365.44
1360.91
1356.32
1351.66
1346.93
1342.14
1337.28
1332.35
1327.35
1322.28
1317.13
1311.9
1306.6
1301.22
1295.75
1290.19
1284.55
1278.82
1272.99
1267.07
1261.06
1254.95
1248.75
1242.45
1236.07
1229.61
1223.09
1216.53
1209.92
1203.25
1196.53
1189.78
1183
1176.23
1169.48
1162.75
1156.06
1149.41
1142.79
1136.21
1129.66
1123.14
1116.64
1110.16
1103.69
1097.21
1090.73
1084.25
1077.75
1071.23
1064.7
1058.15
1051.57
1044.98
1038.37
1031.74
1025.1
1018.44
1011.78
1005.1
998.41
991.722
985.025
978.291
971.509
964.686
957.824
950.919
943.97
936.972
929.924
922.82
915.655
908.421
901.111
893.713
886.22
878.626
870.933
863.148
855.285
847.358
839.38
831.354
823.28
815.149
806.95
798.673
790.312
781.867
773.341
764.741
756.072
747.342
738.558
729.721
720.827
711.881
702.888
693.85
684.768
675.644
666.477
657.268
648.016
638.72
629.381
619.997
610.568
601.092
591.569
581.999
572.381
562.711
552.983
543.189
533.31
523.318
513.172
1523.14
1522.87
1522.47
1522.01
1521.5
1520.95
1520.33
1519.64
1518.88
1518.03
1517.09
1516.07
1514.95
1513.74
1512.44
1511.05
1509.57
1508
1506.33
1504.58
1502.74
1500.81
1498.79
1496.68
1494.49
1492.22
1489.86
1487.42
1484.9
1482.31
1479.64
1476.89
1474.07
1471.19
1468.23
1465.21
1462.12
1458.97
1455.76
1452.48
1449.15
1445.76
1442.31
1438.81
1435.25
1431.63
1427.96
1424.23
1420.45
1416.61
1412.72
1408.78
1404.79
1400.75
1396.65
1392.48
1388.25
1383.96
1379.6
1375.19
1370.71
1366.18
1361.58
1356.91
1352.18
1347.39
1342.53
1337.61
1332.61
1327.55
1322.42
1317.21
1311.93
1306.58
1301.15
1295.63
1290.04
1284.37
1278.61
1272.77
1266.84
1260.82
1254.72
1248.54
1242.28
1235.95
1229.55
1223.11
1216.62
1210.08
1203.48
1196.83
1190.15
1183.46
1176.75
1170.06
1163.39
1156.73
1150.11
1143.51
1136.95
1130.4
1123.88
1117.37
1110.88
1104.38
1097.89
1091.38
1084.87
1078.34
1071.8
1065.24
1058.65
1052.05
1045.43
1038.79
1032.13
1025.46
1018.77
1012.08
1005.36
998.643
991.921
985.192
978.423
971.604
964.742
957.84
950.895
943.905
936.868
929.78
922.638
915.439
908.175
900.84
893.425
885.922
878.328
870.642
862.871
855.029
847.127
839.177
831.184
823.143
815.045
806.878
798.629
790.292
781.865
773.354
764.765
756.105
747.382
738.605
729.774
720.886
711.944
702.954
693.918
684.839
675.715
666.549
657.339
648.085
638.786
629.442
620.05
610.611
601.121
591.58
581.986
572.338
562.628
552.849
542.989
533.029
522.937
512.682
1528.72
1528.4
1527.93
1527.38
1526.79
1526.13
1525.42
1524.63
1523.77
1522.83
1521.79
1520.68
1519.47
1518.18
1516.79
1515.32
1513.76
1512.11
1510.38
1508.55
1506.64
1504.64
1502.55
1500.38
1498.12
1495.78
1493.36
1490.86
1488.28
1485.62
1482.88
1480.07
1477.19
1474.23
1471.21
1468.11
1464.96
1461.73
1458.44
1455.1
1451.69
1448.22
1444.69
1441.11
1437.47
1433.77
1430.01
1426.21
1422.34
1418.43
1414.46
1410.44
1406.37
1402.25
1398.08
1393.83
1389.53
1385.16
1380.73
1376.24
1371.7
1367.09
1362.41
1357.68
1352.88
1348.02
1343.09
1338.1
1333.05
1327.92
1322.73
1317.47
1312.13
1306.73
1301.25
1295.7
1290.07
1284.36
1278.58
1272.72
1266.78
1260.76
1254.67
1248.51
1242.28
1235.99
1229.65
1223.26
1216.82
1210.32
1203.78
1197.19
1190.57
1183.93
1177.29
1170.65
1164.02
1157.4
1150.8
1144.23
1137.67
1131.14
1124.62
1118.1
1111.6
1105.09
1098.57
1092.05
1085.52
1078.96
1072.39
1065.8
1059.19
1052.56
1045.91
1039.24
1032.55
1025.85
1019.13
1012.4
1005.66
998.902
992.148
985.386
978.585
971.73
964.83
957.89
950.906
943.877
936.801
929.675
922.498
915.264
907.971
900.611
893.179
885.666
878.069
870.388
862.628
854.802
846.921
838.996
831.03
823.018
814.951
806.813
798.591
790.278
781.87
773.374
764.796
756.146
747.43
738.66
729.835
720.953
712.015
703.029
693.996
684.918
675.796
666.63
657.42
648.164
638.862
629.512
620.113
610.663
601.159
591.6
581.982
572.303
562.554
552.724
542.8
532.761
522.579
512.223
1534.67
1534.31
1533.79
1533.18
1532.51
1531.77
1530.96
1530.08
1529.12
1528.08
1526.95
1525.74
1524.43
1523.04
1521.57
1520.01
1518.36
1516.62
1514.8
1512.89
1510.9
1508.82
1506.66
1504.41
1502.08
1499.67
1497.17
1494.6
1491.94
1489.21
1486.4
1483.51
1480.56
1477.53
1474.43
1471.26
1468.02
1464.72
1461.36
1457.93
1454.44
1450.89
1447.28
1443.61
1439.89
1436.11
1432.27
1428.38
1424.44
1420.44
1416.39
1412.29
1408.14
1403.94
1399.69
1395.37
1390.99
1386.54
1382.04
1377.48
1372.86
1368.17
1363.43
1358.62
1353.75
1348.82
1343.83
1338.77
1333.65
1328.47
1323.22
1317.9
1312.51
1307.06
1301.53
1295.94
1290.27
1284.54
1278.73
1272.85
1266.9
1260.88
1254.79
1248.64
1242.44
1236.18
1229.88
1223.52
1217.11
1210.65
1204.14
1197.6
1191.03
1184.44
1177.84
1171.24
1164.65
1158.07
1151.49
1144.94
1138.4
1131.87
1125.35
1118.83
1112.32
1105.8
1099.28
1092.73
1086.18
1079.6
1073
1066.39
1059.75
1053.09
1046.41
1039.71
1032.99
1026.26
1019.51
1012.75
1005.97
999.189
992.403
985.611
978.778
971.889
964.954
957.976
950.955
943.889
936.775
929.614
922.401
915.136
907.814
900.43
892.98
885.456
877.854
870.175
862.424
854.61
846.746
838.84
830.897
822.911
814.87
806.759
798.562
790.271
781.883
773.402
764.836
756.194
747.487
738.723
729.905
721.029
712.096
703.112
694.082
685.007
675.887
666.721
657.511
648.253
638.948
629.593
620.186
610.726
601.208
591.63
581.988
572.278
562.49
552.611
542.626
532.514
522.246
511.798
1541.08
1540.68
1540.12
1539.46
1538.72
1537.9
1537
1536.02
1534.96
1533.82
1532.58
1531.26
1529.85
1528.36
1526.78
1525.12
1523.37
1521.54
1519.63
1517.63
1515.54
1513.37
1511.12
1508.79
1506.37
1503.88
1501.3
1498.64
1495.9
1493.09
1490.2
1487.23
1484.19
1481.08
1477.9
1474.65
1471.33
1467.94
1464.5
1460.98
1457.41
1453.78
1450.08
1446.33
1442.52
1438.65
1434.73
1430.76
1426.73
1422.65
1418.51
1414.33
1410.1
1405.83
1401.49
1397.1
1392.64
1388.12
1383.54
1378.9
1374.2
1369.44
1364.62
1359.75
1354.81
1349.81
1344.75
1339.63
1334.44
1329.2
1323.89
1318.51
1313.07
1307.57
1302
1296.36
1290.66
1284.89
1279.06
1273.16
1267.19
1261.16
1255.08
1248.95
1242.76
1236.52
1230.23
1223.89
1217.49
1211.06
1204.58
1198.07
1191.54
1184.98
1178.42
1171.86
1165.29
1158.73
1152.18
1145.65
1139.12
1132.6
1126.08
1119.57
1113.05
1106.53
1099.99
1093.43
1086.86
1080.26
1073.64
1066.99
1060.33
1053.64
1046.93
1040.2
1033.46
1026.69
1019.92
1013.13
1006.32
999.504
992.688
985.867
979.004
972.083
965.114
958.102
951.046
943.943
936.795
929.598
922.353
915.056
907.706
900.3
892.831
885.295
877.687
870.008
862.262
854.457
846.605
838.715
830.79
822.825
814.806
806.718
798.545
790.275
781.904
773.438
764.884
756.252
747.552
738.795
729.984
721.114
712.185
703.205
694.178
685.106
675.987
666.823
657.612
648.353
639.045
629.685
620.271
610.8
601.269
591.673
582.007
572.267
562.44
552.513
542.47
532.288
521.941
511.409
1548.05
1547.64
1547.05
1546.33
1545.5
1544.59
1543.59
1542.5
1541.33
1540.06
1538.71
1537.27
1535.75
1534.14
1532.45
1530.67
1528.81
1526.87
1524.85
1522.75
1520.56
1518.29
1515.94
1513.51
1510.99
1508.4
1505.73
1502.98
1500.15
1497.24
1494.26
1491.2
1488.08
1484.88
1481.61
1478.27
1474.86
1471.39
1467.86
1464.26
1460.59
1456.87
1453.09
1449.25
1445.35
1441.4
1437.39
1433.33
1429.22
1425.05
1420.83
1416.56
1412.25
1407.9
1403.49
1399.01
1394.48
1389.88
1385.22
1380.5
1375.73
1370.9
1366.01
1361.06
1356.05
1350.98
1345.85
1340.66
1335.42
1330.11
1324.74
1319.31
1313.82
1308.26
1302.64
1296.97
1291.22
1285.42
1279.56
1273.64
1267.66
1261.63
1255.54
1249.41
1243.22
1236.98
1230.69
1224.35
1217.96
1211.54
1205.09
1198.6
1192.09
1185.57
1179.03
1172.49
1165.95
1159.41
1152.88
1146.36
1139.84
1133.33
1126.82
1120.31
1113.79
1107.26
1100.71
1094.14
1087.55
1080.93
1074.29
1067.62
1060.93
1054.21
1047.48
1040.72
1033.95
1027.15
1020.35
1013.53
1006.69
999.848
993.004
986.155
979.265
972.314
965.313
958.269
951.179
944.043
936.861
929.631
922.354
915.028
907.651
900.221
892.734
885.186
877.571
869.889
862.145
854.346
846.503
838.625
830.714
822.764
814.764
806.695
798.541
790.289
781.936
773.484
764.941
756.319
747.627
738.876
730.072
721.208
712.284
703.309
694.285
685.215
676.099
666.935
657.725
648.465
639.154
629.789
620.368
610.887
601.342
591.729
582.04
572.27
562.407
552.435
542.336
532.089
521.669
511.056
1556.01
1555.51
1554.79
1553.92
1552.96
1551.9
1550.77
1549.54
1548.23
1546.83
1545.35
1543.78
1542.12
1540.39
1538.56
1536.66
1534.68
1532.61
1530.47
1528.25
1525.94
1523.56
1521.1
1518.56
1515.94
1513.24
1510.47
1507.61
1504.69
1501.68
1498.61
1495.46
1492.23
1488.94
1485.58
1482.15
1478.65
1475.09
1471.46
1467.77
1464.02
1460.21
1456.34
1452.41
1448.42
1444.38
1440.29
1436.14
1431.94
1427.68
1423.38
1419.03
1414.63
1410.19
1405.71
1401.16
1396.54
1391.86
1387.13
1382.33
1377.48
1372.58
1367.61
1362.59
1357.51
1352.37
1347.17
1341.92
1336.6
1331.23
1325.8
1320.31
1314.77
1309.16
1303.5
1297.77
1291.99
1286.16
1280.27
1274.32
1268.32
1262.27
1256.17
1250.01
1243.8
1237.55
1231.25
1224.91
1218.53
1212.12
1205.67
1199.2
1192.71
1186.2
1179.68
1173.16
1166.64
1160.11
1153.6
1147.09
1140.58
1134.08
1127.58
1121.07
1114.55
1108.01
1101.45
1094.87
1088.26
1081.63
1074.96
1068.27
1061.55
1054.81
1048.05
1041.26
1034.46
1027.64
1020.81
1013.96
1007.1
1000.22
993.353
986.48
979.564
972.586
965.555
958.48
951.358
944.19
936.976
929.715
922.407
915.053
907.65
900.198
892.693
885.13
877.507
869.822
862.077
854.281
846.444
838.573
830.671
822.733
814.746
806.693
798.555
790.32
781.982
773.543
765.011
756.398
747.714
738.97
730.172
721.315
712.396
703.424
694.404
685.337
676.223
667.061
657.851
648.59
639.277
629.908
620.48
610.99
601.432
591.801
582.09
572.293
562.395
552.379
542.228
531.92
521.431
510.743
1564.59
1563.95
1563.04
1561.98
1560.83
1559.6
1558.3
1556.91
1555.45
1553.89
1552.26
1550.54
1548.74
1546.85
1544.89
1542.85
1540.73
1538.53
1536.26
1533.91
1531.48
1528.98
1526.4
1523.75
1521.02
1518.22
1515.34
1512.39
1509.36
1506.26
1503.09
1499.84
1496.53
1493.14
1489.69
1486.17
1482.58
1478.93
1475.22
1471.44
1467.6
1463.7
1459.74
1455.72
1451.65
1447.52
1443.34
1439.1
1434.82
1430.48
1426.09
1421.65
1417.17
1412.66
1408.09
1403.46
1398.77
1394.01
1389.2
1384.33
1379.41
1374.42
1369.39
1364.29
1359.14
1353.93
1348.66
1343.34
1337.96
1332.53
1327.04
1321.49
1315.89
1310.23
1304.52
1298.75
1292.93
1287.06
1281.13
1275.14
1269.11
1263.02
1256.89
1250.71
1244.48
1238.21
1231.9
1225.55
1219.17
1212.76
1206.32
1199.85
1193.37
1186.87
1180.36
1173.85
1167.34
1160.83
1154.32
1147.82
1141.33
1134.83
1128.33
1121.83
1115.31
1108.77
1102.2
1095.61
1088.99
1082.33
1075.65
1068.93
1062.19
1055.42
1048.63
1041.82
1034.99
1028.15
1021.29
1014.41
1007.52
1000.62
993.725
986.829
979.89
972.885
965.828
958.723
951.572
944.375
937.13
929.839
922.503
915.121
907.694
900.22
892.697
885.121
877.488
869.797
862.051
854.255
846.42
838.553
830.658
822.728
814.751
806.71
798.585
790.363
782.038
773.611
765.089
756.485
747.808
739.071
730.281
721.43
712.515
703.548
694.532
685.468
676.356
667.196
657.987
648.726
639.41
630.038
620.604
611.104
601.534
591.887
582.156
572.332
562.4
552.344
542.145
531.78
521.225
510.467
1572.95
1572.22
1571.17
1569.95
1568.63
1567.24
1565.78
1564.24
1562.62
1560.91
1559.13
1557.26
1555.31
1553.28
1551.17
1548.98
1546.72
1544.39
1541.98
1539.5
1536.95
1534.33
1531.63
1528.86
1526.02
1523.11
1520.12
1517.06
1513.93
1510.73
1507.46
1504.12
1500.71
1497.24
1493.69
1490.08
1486.41
1482.67
1478.87
1475
1471.08
1467.1
1463.06
1458.96
1454.8
1450.59
1446.33
1442.01
1437.64
1433.23
1428.76
1424.24
1419.69
1415.09
1410.46
1405.76
1400.99
1396.16
1391.28
1386.34
1381.34
1376.29
1371.18
1366.01
1360.79
1355.52
1350.19
1344.8
1339.36
1333.87
1328.32
1322.72
1317.06
1311.35
1305.59
1299.77
1293.9
1287.98
1282.01
1275.99
1269.92
1263.8
1257.63
1251.43
1245.18
1238.89
1232.57
1226.21
1219.82
1213.41
1206.97
1200.5
1194.02
1187.53
1181.02
1174.52
1168.01
1161.51
1155.01
1148.52
1142.03
1135.54
1129.05
1122.55
1116.03
1109.49
1102.92
1096.31
1089.68
1083
1076.3
1069.56
1062.8
1056.01
1049.19
1042.36
1035.5
1028.63
1021.74
1014.84
1007.93
1001.01
994.087
987.172
980.213
973.186
966.104
958.974
951.797
944.572
937.3
929.983
922.62
915.213
907.763
900.269
892.728
885.138
877.495
869.798
862.047
854.251
846.416
838.552
830.661
822.737
814.769
806.736
798.622
790.412
782.097
773.681
765.169
756.573
747.904
739.174
730.391
721.547
712.638
703.675
694.663
685.603
676.495
667.337
658.129
648.868
639.551
630.175
620.736
611.229
601.648
591.986
582.235
572.386
562.424
552.33
542.086
531.668
521.053
510.228
1581.08
1580.28
1579.1
1577.74
1576.28
1574.74
1573.14
1571.46
1569.7
1567.85
1565.92
1563.91
1561.81
1559.63
1557.38
1555.05
1552.65
1550.17
1547.63
1545.02
1542.34
1539.59
1536.77
1533.88
1530.92
1527.9
1524.8
1521.64
1518.4
1515.1
1511.73
1508.29
1504.79
1501.22
1497.58
1493.88
1490.12
1486.29
1482.4
1478.45
1474.45
1470.38
1466.26
1462.08
1457.84
1453.55
1449.21
1444.82
1440.37
1435.88
1431.34
1426.75
1422.12
1417.45
1412.75
1407.98
1403.14
1398.25
1393.3
1388.29
1383.22
1378.11
1372.93
1367.7
1362.42
1357.08
1351.69
1346.24
1340.74
1335.19
1329.59
1323.93
1318.22
1312.46
1306.64
1300.78
1294.86
1288.9
1282.88
1276.82
1270.72
1264.57
1258.37
1252.14
1245.87
1239.57
1233.23
1226.86
1220.47
1214.04
1207.59
1201.13
1194.65
1188.15
1181.65
1175.15
1168.65
1162.15
1155.66
1149.17
1142.69
1136.21
1129.72
1123.22
1116.7
1110.16
1103.58
1096.97
1090.32
1083.63
1076.9
1070.15
1063.36
1056.55
1049.71
1042.85
1035.97
1029.08
1022.17
1015.24
1008.31
1001.36
994.424
987.491
980.516
973.469
966.366
959.214
952.014
944.765
937.47
930.128
922.742
915.313
907.843
900.33
892.773
885.17
877.517
869.812
862.057
854.258
846.423
838.561
830.672
822.753
814.79
806.765
798.658
790.457
782.152
773.744
765.242
756.654
747.994
739.272
730.497
721.659
712.756
703.798
694.791
685.736
676.631
667.477
658.271
649.011
639.693
630.315
620.872
611.357
601.766
592.091
582.322
572.451
562.46
552.332
542.047
531.581
520.91
510.022
1588.94
1588.08
1586.78
1585.3
1583.71
1582.06
1580.33
1578.52
1576.61
1574.62
1572.54
1570.37
1568.12
1565.79
1563.38
1560.91
1558.36
1555.75
1553.07
1550.33
1547.52
1544.65
1541.71
1538.71
1535.64
1532.5
1529.3
1526.03
1522.7
1519.3
1515.83
1512.3
1508.71
1505.05
1501.32
1497.54
1493.69
1489.78
1485.8
1481.77
1477.68
1473.54
1469.34
1465.08
1460.76
1456.4
1451.98
1447.51
1442.99
1438.42
1433.81
1429.15
1424.45
1419.71
1414.94
1410.11
1405.21
1400.25
1395.23
1390.16
1385.03
1379.85
1374.62
1369.33
1363.98
1358.59
1353.13
1347.63
1342.07
1336.47
1330.81
1325.09
1319.33
1313.52
1307.66
1301.74
1295.78
1289.78
1283.73
1277.63
1271.49
1265.31
1259.09
1252.83
1246.54
1240.22
1233.87
1227.48
1221.08
1214.64
1208.19
1201.72
1195.23
1188.74
1182.23
1175.73
1169.23
1162.74
1156.25
1149.77
1143.29
1136.81
1130.33
1123.83
1117.32
1110.77
1104.18
1097.56
1090.9
1084.19
1077.45
1070.67
1063.86
1057.03
1050.17
1043.29
1036.39
1029.47
1022.54
1015.6
1008.64
1001.68
994.72
987.774
980.784
973.72
966.599
959.428
952.208
944.939
937.622
930.26
922.854
915.406
907.917
900.388
892.817
885.202
877.539
869.827
862.068
854.267
846.432
838.57
830.684
822.768
814.808
806.788
798.687
790.492
782.195
773.796
765.301
756.722
748.07
739.358
730.591
721.76
712.863
703.912
694.911
685.86
676.76
667.609
658.406
649.148
639.831
630.451
621.004
611.484
601.885
592.198
582.413
572.521
562.506
552.347
542.025
531.514
520.793
509.847
1596.5
1595.6
1594.19
1592.59
1590.9
1589.13
1587.28
1585.34
1583.3
1581.15
1578.91
1576.58
1574.17
1571.69
1569.13
1566.51
1563.82
1561.07
1558.26
1555.39
1552.46
1549.46
1546.41
1543.3
1540.12
1536.88
1533.58
1530.21
1526.78
1523.29
1519.73
1516.11
1512.43
1508.68
1504.87
1501
1497.07
1493.08
1489.03
1484.93
1480.76
1476.54
1472.26
1467.93
1463.54
1459.1
1454.61
1450.07
1445.48
1440.84
1436.16
1431.43
1426.66
1421.86
1417.03
1412.13
1407.17
1402.15
1397.07
1391.94
1386.75
1381.51
1376.22
1370.87
1365.47
1360.01
1354.51
1348.95
1343.33
1337.67
1331.96
1326.2
1320.39
1314.53
1308.62
1302.66
1296.66
1290.62
1284.53
1278.39
1272.22
1266.01
1259.77
1253.49
1247.17
1240.83
1234.46
1228.07
1221.65
1215.2
1208.74
1202.26
1195.77
1189.27
1182.77
1176.26
1169.76
1163.27
1156.78
1150.31
1143.83
1137.36
1130.88
1124.39
1117.87
1111.31
1104.72
1098.09
1091.41
1084.69
1077.93
1071.13
1064.3
1057.44
1050.56
1043.66
1036.74
1029.81
1022.86
1015.9
1008.92
1001.94
994.969
988.011
981.009
973.931
966.794
959.607
952.369
945.083
937.749
930.369
922.946
915.482
907.978
900.434
892.851
885.225
877.555
869.837
862.074
854.271
846.435
838.574
830.689
822.775
814.818
806.8
798.703
790.513
782.221
773.829
765.342
756.772
748.129
739.426
730.668
721.844
712.955
704.01
695.015
685.97
676.876
667.729
658.53
649.274
639.958
630.578
621.129
611.605
601.998
592.301
582.503
572.593
562.555
552.37
542.014
531.465
520.698
509.7
1603.77
1602.84
1601.32
1599.62
1597.84
1595.97
1594
1591.92
1589.72
1587.41
1585.01
1582.51
1579.94
1577.3
1574.59
1571.82
1568.99
1566.11
1563.17
1560.18
1557.13
1554.02
1550.86
1547.64
1544.36
1541.02
1537.62
1534.16
1530.64
1527.06
1523.41
1519.71
1515.94
1512.11
1508.23
1504.28
1500.27
1496.21
1492.08
1487.9
1483.66
1479.37
1475.02
1470.61
1466.16
1461.65
1457.09
1452.48
1447.83
1443.12
1438.37
1433.58
1428.75
1423.89
1418.99
1414.04
1409.02
1403.94
1398.81
1393.62
1388.37
1383.07
1377.72
1372.32
1366.86
1361.35
1355.79
1350.18
1344.52
1338.8
1333.04
1327.23
1321.37
1315.47
1309.52
1303.52
1297.48
1291.4
1285.27
1279.11
1272.9
1266.67
1260.39
1254.09
1247.76
1241.4
1235.01
1228.6
1222.17
1215.71
1209.24
1202.76
1196.26
1189.75
1183.24
1176.74
1170.23
1163.74
1157.25
1150.78
1144.31
1137.84
1131.36
1124.87
1118.35
1111.79
1105.19
1098.54
1091.85
1085.11
1078.33
1071.52
1064.67
1057.79
1050.89
1043.97
1037.03
1030.08
1023.11
1016.14
1009.15
1002.15
995.165
988.196
981.185
974.094
966.944
959.744
952.492
945.191
937.842
930.448
923.011
915.533
908.016
900.461
892.868
885.234
877.556
869.833
862.067
854.263
846.428
838.567
830.683
822.77
814.813
806.796
798.701
790.514
782.226
773.84
765.361
756.798
748.165
739.472
730.723
721.908
713.025
704.088
695.1
686.062
676.974
667.833
658.637
649.384
640.071
630.691
621.241
611.714
602.102
592.397
582.588
572.663
562.606
552.397
542.013
531.43
520.622
509.577
1610.79
1609.84
1608.21
1606.42
1604.55
1602.58
1600.47
1598.23
1595.86
1593.38
1590.81
1588.15
1585.41
1582.62
1579.76
1576.85
1573.89
1570.88
1567.82
1564.71
1561.55
1558.33
1555.06
1551.74
1548.37
1544.93
1541.44
1537.89
1534.28
1530.62
1526.89
1523.1
1519.26
1515.35
1511.39
1507.37
1503.28
1499.15
1494.95
1490.7
1486.39
1482.03
1477.61
1473.14
1468.62
1464.04
1459.42
1454.75
1450.03
1445.26
1440.45
1435.6
1430.71
1425.79
1420.83
1415.83
1410.75
1405.61
1400.42
1395.18
1389.88
1384.53
1379.12
1373.67
1368.16
1362.6
1356.99
1351.33
1345.62
1339.86
1334.05
1328.19
1322.29
1316.34
1310.35
1304.31
1298.24
1292.12
1285.96
1279.76
1273.53
1267.26
1260.97
1254.64
1248.29
1241.91
1235.5
1229.08
1222.63
1216.17
1209.69
1203.2
1196.69
1190.18
1183.66
1177.15
1170.64
1164.15
1157.66
1151.19
1144.72
1138.26
1131.78
1125.28
1118.76
1112.2
1105.59
1098.93
1092.22
1085.46
1078.67
1071.83
1064.96
1058.07
1051.15
1044.21
1037.26
1030.29
1023.31
1016.31
1009.31
1002.3
995.304
988.327
981.308
974.206
967.046
959.834
952.571
945.258
937.897
930.491
923.042
915.553
908.027
900.463
892.861
885.22
877.537
869.811
862.043
854.238
846.403
838.544
830.66
822.746
814.789
806.771
798.676
790.49
782.206
773.825
765.352
756.798
748.174
739.492
730.754
721.946
713.072
704.143
695.163
686.132
677.05
667.915
658.724
649.476
640.165
630.787
621.337
611.809
602.193
592.482
582.665
572.727
562.654
552.426
542.018
531.406
520.563
509.478
1617.58
1616.63
1614.89
1613.03
1611.08
1608.97
1606.7
1604.27
1601.72
1599.05
1596.3
1593.48
1590.59
1587.64
1584.65
1581.61
1578.52
1575.39
1572.21
1568.99
1565.72
1562.41
1559.04
1555.62
1552.15
1548.63
1545.05
1541.42
1537.73
1533.98
1530.17
1526.31
1522.39
1518.41
1514.37
1510.28
1506.12
1501.92
1497.65
1493.33
1488.96
1484.53
1480.04
1475.51
1470.92
1466.29
1461.6
1456.87
1452.09
1447.26
1442.39
1437.48
1432.53
1427.56
1422.55
1417.49
1412.36
1407.17
1401.93
1396.63
1391.28
1385.88
1380.43
1374.92
1369.36
1363.75
1358.09
1352.39
1346.63
1340.82
1334.97
1329.07
1323.13
1317.14
1311.11
1305.04
1298.92
1292.77
1286.58
1280.36
1274.1
1267.8
1261.48
1255.13
1248.76
1242.36
1235.94
1229.5
1223.05
1216.57
1210.08
1203.58
1197.06
1190.54
1184.02
1177.51
1170.99
1164.5
1158.01
1151.54
1145.07
1138.6
1132.13
1125.63
1119.1
1112.53
1105.91
1099.24
1092.51
1085.74
1078.92
1072.07
1065.18
1058.27
1051.33
1044.38
1037.41
1030.43
1023.43
1016.43
1009.41
1002.39
995.385
988.4
981.374
974.264
967.095
959.874
952.602
945.28
937.91
930.494
923.037
915.54
908.005
900.435
892.827
885.181
877.494
869.765
861.996
854.192
846.358
838.499
830.615
822.7
814.741
806.721
798.625
790.439
782.157
773.78
765.314
756.769
748.154
739.484
730.756
721.955
713.09
704.17
695.199
686.176
677.101
667.973
658.788
649.545
640.238
630.863
621.414
611.885
602.268
592.553
582.73
572.783
562.698
552.453
542.027
531.391
520.519
509.4
1624.14
1623.29
1621.47
1619.53
1617.43
1615.13
1612.65
1610.01
1607.26
1604.42
1601.49
1598.51
1595.48
1592.4
1589.27
1586.11
1582.9
1579.66
1576.38
1573.06
1569.69
1566.28
1562.82
1559.31
1555.75
1552.14
1548.48
1544.76
1540.99
1537.17
1533.28
1529.35
1525.35
1521.3
1517.19
1513.03
1508.81
1504.53
1500.2
1495.82
1491.38
1486.88
1482.34
1477.74
1473.09
1468.4
1463.65
1458.86
1454.02
1449.14
1444.21
1439.24
1434.24
1429.21
1424.15
1419.04
1413.86
1408.62
1403.33
1397.98
1392.59
1387.13
1381.63
1376.08
1370.47
1364.82
1359.11
1353.36
1347.56
1341.71
1335.82
1329.88
1323.9
1317.87
1311.8
1305.7
1299.55
1293.36
1287.14
1280.89
1274.6
1268.29
1261.94
1255.57
1249.18
1242.76
1236.33
1229.87
1223.4
1216.92
1210.42
1203.91
1197.38
1190.86
1184.33
1177.8
1171.29
1164.78
1158.29
1151.82
1145.35
1138.88
1132.41
1125.91
1119.37
1112.79
1106.16
1099.47
1092.73
1085.94
1079.11
1072.23
1065.33
1058.4
1051.45
1044.48
1037.5
1030.5
1023.49
1016.48
1009.45
1002.42
995.408
988.418
981.386
974.268
967.093
959.865
952.586
945.256
937.879
930.457
922.993
915.49
907.95
900.375
892.763
885.113
877.424
869.693
861.924
854.12
846.287
838.428
830.544
822.627
814.665
806.642
798.543
790.356
782.076
773.703
765.243
756.707
748.102
739.445
730.726
721.934
713.079
704.168
695.206
686.191
677.125
668.004
658.826
649.587
640.285
630.914
621.468
611.941
602.323
592.607
582.78
572.827
562.733
552.478
542.036
531.382
520.488
509.341
1630.31
1630.03
1628.12
1625.98
1623.63
1621.05
1618.32
1615.46
1612.52
1609.5
1606.43
1603.3
1600.13
1596.93
1593.69
1590.41
1587.1
1583.76
1580.38
1576.96
1573.49
1569.99
1566.45
1562.85
1559.21
1555.52
1551.78
1547.98
1544.13
1540.23
1536.28
1532.27
1528.2
1524.08
1519.9
1515.67
1511.38
1507.04
1502.65
1498.2
1493.69
1489.14
1484.53
1479.87
1475.17
1470.41
1465.61
1460.75
1455.86
1450.92
1445.94
1440.92
1435.86
1430.78
1425.67
1420.51
1415.28
1409.99
1404.65
1399.26
1393.81
1388.31
1382.76
1377.16
1371.51
1365.81
1360.06
1354.27
1348.42
1342.53
1336.6
1330.62
1324.6
1318.54
1312.44
1306.3
1300.12
1293.9
1287.65
1281.37
1275.06
1268.71
1262.35
1255.96
1249.54
1243.11
1236.66
1230.2
1223.71
1217.22
1210.71
1204.18
1197.65
1191.12
1184.58
1178.05
1171.52
1165.02
1158.52
1152.05
1145.58
1139.11
1132.63
1126.12
1119.58
1112.99
1106.34
1099.64
1092.88
1086.08
1079.22
1072.33
1065.41
1058.47
1051.5
1044.52
1037.53
1030.52
1023.5
1016.47
1009.44
1002.41
995.384
988.389
981.352
974.229
967.049
959.816
952.532
945.197
937.815
930.388
922.919
915.412
907.868
900.289
892.674
885.022
877.33
869.598
861.829
854.025
846.192
838.333
830.446
822.526
814.559
806.532
798.428
790.239
781.959
773.59
765.137
756.609
748.016
739.37
730.661
721.878
713.033
704.133
695.18
686.175
677.117
668.004
658.833
649.601
640.305
630.938
621.496
611.972
602.356
592.64
582.812
572.857
562.759
552.496
542.045
531.378
520.468
509.3
1637.25
1637.47
1635.18
1632.54
1629.75
1626.84
1623.84
1620.77
1617.65
1614.48
1611.27
1608.01
1604.73
1601.41
1598.06
1594.68
1591.26
1587.82
1584.34
1580.83
1577.27
1573.68
1570.05
1566.37
1562.64
1558.87
1555.04
1551.17
1547.24
1543.26
1539.23
1535.14
1531.01
1526.81
1522.56
1518.26
1513.91
1509.5
1505.04
1500.52
1495.95
1491.33
1486.66
1481.94
1477.17
1472.35
1467.49
1462.58
1457.63
1452.63
1447.59
1442.52
1437.41
1432.27
1427.11
1421.9
1416.62
1411.28
1405.89
1400.45
1394.95
1389.41
1383.81
1378.17
1372.47
1366.73
1360.94
1355.1
1349.21
1343.29
1337.31
1331.3
1325.24
1319.14
1313.01
1306.83
1300.62
1294.38
1288.1
1281.79
1275.45
1269.09
1262.7
1256.29
1249.86
1243.41
1236.94
1230.46
1223.97
1217.46
1210.94
1204.41
1197.87
1191.32
1184.77
1178.23
1171.7
1165.19
1158.69
1152.21
1145.74
1139.27
1132.78
1126.27
1119.72
1113.11
1106.45
1099.74
1092.96
1086.13
1079.26
1072.36
1065.42
1058.46
1051.48
1044.49
1037.48
1030.47
1023.44
1016.41
1009.37
1002.33
995.302
988.302
981.26
974.134
966.951
959.715
952.427
945.09
937.704
930.274
922.803
915.294
907.748
900.168
892.551
884.897
877.205
869.473
861.703
853.9
846.067
838.207
830.318
822.393
814.421
806.388
798.28
790.088
781.808
773.442
764.995
756.476
747.895
739.261
730.562
721.788
712.953
704.064
695.121
686.126
677.077
667.972
658.809
649.585
640.294
630.934
621.496
611.976
602.364
592.651
582.824
572.87
562.771
552.506
542.051
531.378
520.458
509.276
1649.91
1645.69
1642.7
1638.99
1635.63
1632.38
1629.15
1625.91
1622.63
1619.33
1616
1612.63
1609.24
1605.81
1602.36
1598.88
1595.36
1591.82
1588.25
1584.64
1581
1577.31
1573.59
1569.82
1566.01
1562.15
1558.24
1554.29
1550.28
1546.22
1542.11
1537.95
1533.73
1529.47
1525.15
1520.77
1516.35
1511.87
1507.34
1502.75
1498.12
1493.43
1488.7
1483.91
1479.08
1474.2
1469.28
1464.31
1459.29
1454.24
1449.15
1444.02
1438.85
1433.67
1428.46
1423.19
1417.86
1412.47
1407.04
1401.55
1396
1390.41
1384.77
1379.08
1373.34
1367.56
1361.72
1355.85
1349.92
1343.96
1337.95
1331.89
1325.8
1319.67
1313.5
1307.3
1301.06
1294.79
1288.48
1282.15
1275.78
1269.4
1262.99
1256.56
1250.11
1243.64
1237.16
1230.67
1224.16
1217.64
1211.11
1204.57
1198.02
1191.46
1184.9
1178.35
1171.82
1165.3
1158.79
1152.31
1145.83
1139.35
1132.86
1126.34
1119.78
1113.16
1106.49
1099.75
1092.96
1086.12
1079.23
1072.31
1065.36
1058.38
1051.4
1044.39
1037.38
1030.35
1023.32
1016.28
1009.24
1002.19
995.164
988.162
981.118
973.99
966.805
959.568
952.28
944.942
937.556
930.126
922.655
915.146
907.602
900.022
892.407
884.754
877.062
869.331
861.562
853.758
845.924
838.061
830.167
822.234
814.253
806.21
798.094
789.896
781.615
773.251
764.809
756.299
747.729
739.107
730.416
721.652
712.829
703.95
695.018
686.033
676.994
667.898
658.744
649.528
640.245
630.891
621.46
611.945
602.339
592.631
582.809
572.859
562.763
552.501
542.048
531.375
520.453
509.264
1657.74
1652.51
1648.83
1644.82
1641.12
1637.63
1634.21
1630.81
1627.41
1623.99
1620.55
1617.08
1613.58
1610.06
1606.51
1602.93
1599.32
1595.68
1592.02
1588.31
1584.58
1580.8
1576.99
1573.13
1569.23
1565.29
1561.29
1557.25
1553.16
1549.03
1544.84
1540.6
1536.3
1531.96
1527.57
1523.12
1518.62
1514.07
1509.47
1504.82
1500.12
1495.37
1490.57
1485.72
1480.83
1475.89
1470.9
1465.88
1460.81
1455.7
1450.55
1445.36
1440.15
1434.91
1429.66
1424.34
1418.96
1413.53
1408.04
1402.51
1396.92
1391.29
1385.61
1379.87
1374.1
1368.27
1362.4
1356.48
1350.52
1344.52
1338.48
1332.39
1326.27
1320.11
1313.91
1307.68
1301.41
1295.11
1288.78
1282.42
1276.04
1269.63
1263.2
1256.75
1250.29
1243.81
1237.32
1230.81
1224.29
1217.76
1211.21
1204.66
1198.1
1191.53
1184.96
1178.4
1171.86
1165.33
1158.82
1152.33
1145.84
1139.36
1132.86
1126.33
1119.76
1113.13
1106.43
1099.68
1092.87
1086.01
1079.1
1072.17
1065.2
1058.22
1051.22
1044.21
1037.19
1030.16
1023.12
1016.08
1009.03
1001.99
994.959
987.956
980.908
973.78
966.596
959.36
952.072
944.736
937.352
929.924
922.456
914.95
907.409
899.834
892.222
884.574
876.885
869.158
861.391
853.589
845.754
837.887
829.984
822.041
814.046
805.989
797.861
789.655
781.368
773.003
764.566
756.063
747.505
738.892
730.208
721.455
712.642
703.775
694.855
685.881
676.852
667.766
658.622
649.414
640.14
630.795
621.372
611.866
602.267
592.567
582.754
572.813
562.727
552.475
542.031
531.368
520.455
509.271
1663.41
1657.74
1653.8
1649.83
1646.02
1642.37
1638.81
1635.29
1631.78
1628.26
1624.73
1621.16
1617.58
1613.96
1610.32
1606.65
1602.95
1599.23
1595.47
1591.68
1587.85
1583.99
1580.08
1576.14
1572.16
1568.13
1564.06
1559.93
1555.77
1551.55
1547.28
1542.97
1538.6
1534.19
1529.72
1525.2
1520.64
1516.02
1511.36
1506.64
1501.88
1497.07
1492.21
1487.3
1482.35
1477.35
1472.31
1467.22
1462.1
1456.94
1451.74
1446.51
1441.24
1435.97
1430.66
1425.3
1419.88
1414.4
1408.88
1403.3
1397.68
1392
1386.28
1380.51
1374.7
1368.84
1362.93
1356.98
1350.99
1344.96
1338.89
1332.77
1326.62
1320.43
1314.21
1307.95
1301.66
1295.34
1288.99
1282.61
1276.2
1269.77
1263.33
1256.86
1250.38
1243.89
1237.38
1230.86
1224.33
1217.79
1211.23
1204.67
1198.09
1191.51
1184.94
1178.37
1171.81
1165.27
1158.76
1152.26
1145.77
1139.28
1132.77
1126.23
1119.64
1112.99
1106.28
1099.51
1092.68
1085.8
1078.88
1071.93
1064.95
1057.96
1050.96
1043.94
1036.91
1029.88
1022.84
1015.79
1008.75
1001.7
994.675
987.671
980.62
973.492
966.308
959.074
951.789
944.454
937.073
929.648
922.183
914.682
907.146
899.576
891.97
884.326
876.643
868.92
861.157
853.357
845.521
837.65
829.74
821.786
813.779
805.71
797.57
789.355
781.063
772.698
764.264
755.769
747.223
738.618
729.942
721.199
712.398
703.542
694.633
685.67
676.653
667.578
658.443
649.246
639.981
630.645
621.233
611.736
602.148
592.46
582.659
572.731
562.66
552.425
541.999
531.355
520.462
509.297
1668.3
1662.26
1657.95
1653.99
1650.16
1646.44
1642.8
1639.2
1635.6
1632.01
1628.39
1624.75
1621.09
1617.4
1613.68
1609.93
1606.15
1602.35
1598.51
1594.64
1590.73
1586.79
1582.81
1578.79
1574.73
1570.62
1566.47
1562.28
1558.03
1553.74
1549.41
1545.02
1540.59
1536.11
1531.58
1527
1522.37
1517.69
1512.96
1508.19
1503.37
1498.5
1493.58
1488.62
1483.61
1478.56
1473.47
1468.34
1463.17
1457.96
1452.71
1447.44
1442.13
1436.81
1431.47
1426.07
1420.61
1415.09
1409.53
1403.92
1398.26
1392.55
1386.79
1380.99
1375.15
1369.25
1363.32
1357.34
1351.32
1345.26
1339.16
1333.03
1326.85
1320.64
1314.39
1308.11
1301.8
1295.46
1289.09
1282.69
1276.27
1269.82
1263.36
1256.88
1250.38
1243.88
1237.36
1230.83
1224.29
1217.73
1211.17
1204.59
1198
1191.41
1184.83
1178.25
1171.68
1165.13
1158.61
1152.11
1145.61
1139.11
1132.59
1126.03
1119.43
1112.76
1106.03
1099.24
1092.39
1085.49
1078.56
1071.6
1064.61
1057.61
1050.6
1043.58
1036.55
1029.51
1022.47
1015.43
1008.38
1001.34
994.318
987.316
980.263
973.135
965.953
958.722
951.44
944.11
936.732
929.312
921.852
914.356
906.825
899.262
891.662
884.024
876.346
868.627
860.867
853.068
845.231
837.355
829.436
821.471
813.451
805.368
797.217
788.993
780.697
772.332
763.902
755.415
746.88
738.284
729.616
720.883
712.094
703.25
694.353
685.402
676.396
667.333
658.209
649.022
639.769
630.444
621.042
611.558
601.983
592.309
582.524
572.614
562.564
552.352
541.953
531.338
520.476
509.342
1672.32
1666.28
1661.66
1657.65
1653.81
1650.05
1646.36
1642.7
1639.04
1635.38
1631.7
1628
1624.27
1620.51
1616.72
1612.9
1609.05
1605.16
1601.25
1597.3
1593.32
1589.3
1585.25
1581.15
1577.01
1572.83
1568.61
1564.34
1560.03
1555.67
1551.27
1546.81
1542.31
1537.77
1533.17
1528.53
1523.84
1519.1
1514.32
1509.49
1504.61
1499.68
1494.72
1489.7
1484.65
1479.55
1474.41
1469.23
1464.01
1458.76
1453.47
1448.15
1442.81
1437.46
1432.08
1426.64
1421.14
1415.59
1410
1404.35
1398.66
1392.92
1387.14
1381.31
1375.43
1369.52
1363.56
1357.55
1351.51
1345.43
1339.31
1333.15
1326.95
1320.72
1314.46
1308.16
1301.83
1295.47
1289.08
1282.67
1276.23
1269.77
1263.29
1256.8
1250.29
1243.77
1237.24
1230.7
1224.15
1217.59
1211.01
1204.43
1197.83
1191.23
1184.63
1178.04
1171.46
1164.91
1158.38
1151.86
1145.36
1138.85
1132.32
1125.74
1119.12
1112.43
1105.68
1098.87
1092
1085.09
1078.14
1071.17
1064.18
1057.17
1050.16
1043.13
1036.1
1029.07
1022.03
1014.98
1007.94
1000.9
993.886
986.884
979.828
972.702
965.524
958.295
951.018
943.692
936.32
928.905
921.45
913.96
906.436
898.88
891.287
883.655
875.982
868.268
860.51
852.712
844.872
836.991
829.064
821.088
813.056
804.961
796.8
788.57
780.271
771.906
763.482
755.005
746.48
737.892
729.232
720.511
711.734
702.903
694.019
685.08
676.086
667.034
657.922
648.747
639.505
630.192
620.803
611.332
601.773
592.116
582.35
572.464
562.44
552.258
541.894
531.318
520.497
509.408
1675.67
1669.81
1665
1660.9
1657.04
1653.26
1649.53
1645.83
1642.12
1638.41
1634.67
1630.91
1627.12
1623.3
1619.44
1615.55
1611.63
1607.68
1603.7
1599.67
1595.62
1591.53
1587.4
1583.23
1579.02
1574.76
1570.47
1566.13
1561.75
1557.32
1552.85
1548.33
1543.77
1539.16
1534.5
1529.8
1525.05
1520.25
1515.41
1510.53
1505.6
1500.62
1495.6
1490.54
1485.44
1480.29
1475.11
1469.89
1464.63
1459.33
1454.01
1448.65
1443.27
1437.89
1432.47
1427
1421.47
1415.89
1410.27
1404.6
1398.88
1393.11
1387.3
1381.45
1375.55
1369.61
1363.63
1357.61
1351.55
1345.45
1339.31
1333.13
1326.92
1320.67
1314.39
1308.08
1301.74
1295.36
1288.96
1282.53
1276.08
1269.61
1263.12
1256.62
1250.1
1243.57
1237.03
1230.49
1223.93
1217.35
1210.77
1204.17
1197.57
1190.95
1184.34
1177.74
1171.16
1164.6
1158.05
1151.53
1145.02
1138.49
1131.95
1125.36
1118.71
1112
1105.23
1098.39
1091.51
1084.58
1077.62
1070.64
1063.65
1056.64
1049.62
1042.6
1035.57
1028.53
1021.5
1014.46
1007.42
1000.38
993.376
986.377
979.318
972.193
965.017
957.793
950.52
943.199
935.833
928.423
920.975
913.492
905.975
898.425
890.84
883.215
875.547
867.836
860.082
852.283
844.442
836.555
828.621
820.635
812.592
804.488
796.319
788.084
779.784
771.423
763.005
754.54
746.025
737.445
728.795
720.085
711.321
702.503
693.632
684.706
675.725
666.685
657.586
648.422
639.193
629.893
620.518
611.062
601.52
591.882
582.14
572.28
562.288
552.144
541.823
531.295
520.528
509.494
1678.52
1672.9
1668.01
1663.82
1659.9
1656.09
1652.33
1648.59
1644.84
1641.08
1637.29
1633.48
1629.63
1625.75
1621.84
1617.88
1613.9
1609.88
1605.82
1601.73
1597.6
1593.44
1589.24
1585
1580.72
1576.39
1572.03
1567.62
1563.17
1558.68
1554.14
1549.56
1544.93
1540.26
1535.55
1530.78
1525.98
1521.13
1516.24
1511.3
1506.32
1501.29
1496.23
1491.12
1485.97
1480.78
1475.56
1470.3
1465
1459.67
1454.31
1448.92
1443.51
1438.1
1432.65
1427.15
1421.59
1415.99
1410.34
1404.64
1398.9
1393.11
1387.28
1381.41
1375.5
1369.54
1363.54
1357.51
1351.43
1345.32
1339.16
1332.97
1326.75
1320.49
1314.2
1307.88
1301.52
1295.13
1288.72
1282.28
1275.82
1269.34
1262.85
1256.33
1249.81
1243.27
1236.73
1230.17
1223.61
1217.03
1210.43
1203.83
1197.21
1190.59
1183.97
1177.36
1170.76
1164.19
1157.64
1151.11
1144.58
1138.04
1131.48
1124.87
1118.2
1111.47
1104.67
1097.82
1090.92
1083.98
1077.01
1070.02
1063.02
1056.01
1049
1041.97
1034.95
1027.92
1020.88
1013.85
1006.82
999.787
992.79
985.791
978.729
971.606
964.433
957.213
949.945
942.63
935.269
927.866
920.424
912.947
905.438
897.897
890.319
882.7
875.037
867.33
859.578
851.78
843.937
836.046
828.105
820.111
812.06
803.949
795.774
787.537
779.239
770.882
762.474
754.021
745.517
736.945
728.306
719.609
710.858
702.054
693.196
684.283
675.315
666.288
657.2
648.05
638.834
629.547
620.187
610.748
601.224
591.609
581.893
572.064
562.109
552.008
541.738
531.269
520.567
509.602
1681.01
1675.61
1670.69
1666.42
1662.43
1658.58
1654.78
1650.99
1647.2
1643.4
1639.56
1635.7
1631.8
1627.86
1623.88
1619.87
1615.82
1611.74
1607.61
1603.46
1599.26
1595.03
1590.76
1586.45
1582.1
1577.71
1573.27
1568.8
1564.28
1559.73
1555.13
1550.48
1545.79
1541.06
1536.29
1531.47
1526.61
1521.71
1516.77
1511.78
1506.75
1501.68
1496.57
1491.42
1486.23
1481.01
1475.74
1470.45
1465.12
1459.75
1454.36
1448.94
1443.51
1438.07
1432.6
1427.07
1421.49
1415.86
1410.19
1404.48
1398.72
1392.92
1387.07
1381.18
1375.26
1369.29
1363.28
1357.23
1351.15
1345.02
1338.86
1332.67
1326.43
1320.17
1313.87
1307.54
1301.17
1294.78
1288.36
1281.92
1275.45
1268.96
1262.46
1255.94
1249.41
1242.87
1236.32
1229.76
1223.19
1216.6
1210
1203.39
1196.76
1190.13
1183.5
1176.88
1170.28
1163.7
1157.14
1150.59
1144.05
1137.5
1130.92
1124.28
1117.59
1110.84
1104.02
1097.15
1090.23
1083.28
1076.3
1069.31
1062.31
1055.3
1048.28
1041.26
1034.24
1027.22
1020.19
1013.17
1006.14
999.115
992.125
985.125
978.06
970.938
963.768
956.552
949.289
941.98
934.626
927.23
919.795
912.324
904.823
897.291
889.721
882.109
874.451
866.748
858.998
851.201
843.356
835.461
827.516
819.517
811.46
803.344
795.167
786.931
778.636
770.287
761.89
753.451
744.957
736.394
727.767
719.085
710.348
701.557
692.713
683.814
674.858
665.844
656.77
647.632
638.429
629.157
619.813
610.392
600.889
591.298
581.61
571.816
561.902
551.851
541.64
531.239
520.614
509.731
1683.21
1677.99
1673.06
1668.73
1664.67
1660.75
1656.89
1653.06
1649.22
1645.36
1641.47
1637.56
1633.6
1629.61
1625.57
1621.5
1617.39
1613.24
1609.05
1604.83
1600.56
1596.26
1591.92
1587.55
1583.13
1578.67
1574.18
1569.64
1565.06
1560.44
1555.78
1551.07
1546.33
1541.54
1536.71
1531.84
1526.93
1521.98
1516.99
1511.95
1506.88
1501.77
1496.62
1491.43
1486.21
1480.94
1475.65
1470.32
1464.96
1459.57
1454.15
1448.71
1443.25
1437.79
1432.3
1426.75
1421.15
1415.51
1409.82
1404.09
1398.32
1392.5
1386.65
1380.75
1374.82
1368.84
1362.83
1356.78
1350.69
1344.56
1338.4
1332.2
1325.96
1319.69
1313.39
1307.05
1300.69
1294.29
1287.87
1281.42
1274.95
1268.46
1261.95
1255.43
1248.9
1242.36
1235.81
1229.24
1222.67
1216.08
1209.48
1202.86
1196.22
1189.58
1182.95
1176.32
1169.7
1163.11
1156.54
1149.98
1143.43
1136.86
1130.25
1123.6
1116.88
1110.1
1103.26
1096.37
1089.44
1082.48
1075.5
1068.5
1061.5
1054.5
1047.49
1040.48
1033.46
1026.44
1019.42
1012.4
1005.37
998.359
991.375
984.373
977.305
970.186
963.02
955.809
948.553
941.251
933.904
926.514
919.085
911.621
904.128
896.606
889.045
881.439
873.786
866.087
858.339
850.543
842.698
834.802
826.854
818.851
810.792
802.675
794.5
786.267
777.979
769.641
761.257
752.832
744.349
735.796
727.183
718.515
709.792
701.016
692.186
683.3
674.358
665.357
656.296
647.172
637.983
628.726
619.398
609.995
600.514
590.949
581.292
571.536
561.668
551.672
541.527
531.204
520.668
509.882
1685.11
1680.06
1675.14
1670.76
1666.62
1662.62
1658.68
1654.78
1650.88
1646.96
1643.02
1639.04
1635.03
1630.97
1626.88
1622.74
1618.57
1614.35
1610.1
1605.81
1601.48
1597.11
1592.71
1588.27
1583.78
1579.26
1574.7
1570.1
1565.46
1560.78
1556.06
1551.3
1546.5
1541.66
1536.78
1531.86
1526.9
1521.9
1516.87
1511.79
1506.68
1501.53
1496.34
1491.12
1485.86
1480.57
1475.24
1469.89
1464.5
1459.09
1453.65
1448.19
1442.72
1437.24
1431.73
1426.17
1420.55
1414.9
1409.2
1403.46
1397.68
1391.86
1386
1380.11
1374.17
1368.19
1362.18
1356.13
1350.04
1343.91
1337.75
1331.55
1325.32
1319.06
1312.76
1306.42
1300.06
1293.66
1287.24
1280.79
1274.32
1267.83
1261.32
1254.8
1248.27
1241.73
1235.18
1228.62
1222.05
1215.45
1208.85
1202.22
1195.58
1188.94
1182.29
1175.65
1169.03
1162.43
1155.85
1149.28
1142.7
1136.11
1129.48
1122.8
1116.06
1109.25
1102.39
1095.48
1088.54
1081.57
1074.59
1067.6
1060.6
1053.61
1046.6
1039.6
1032.59
1025.57
1018.55
1011.53
1004.52
997.515
990.536
983.531
976.463
969.347
962.186
954.981
947.731
940.437
933.099
925.717
918.295
910.836
903.35
895.837
888.286
880.687
873.039
865.344
857.599
849.806
841.962
834.067
826.119
818.116
810.059
801.944
793.773
785.548
777.27
768.945
760.578
752.167
743.694
735.154
726.556
717.902
709.195
700.433
691.617
682.746
673.817
664.829
655.781
646.67
637.495
628.254
618.943
609.56
600.102
590.564
580.94
571.224
561.405
551.47
541.398
531.163
520.728
510.054
1686.74
1681.82
1676.92
1672.51
1668.3
1664.2
1660.18
1656.19
1652.22
1648.23
1644.22
1640.17
1636.09
1631.97
1627.81
1623.61
1619.36
1615.08
1610.77
1606.41
1602.02
1597.58
1593.12
1588.61
1584.06
1579.48
1574.86
1570.2
1565.5
1560.76
1555.99
1551.17
1546.32
1541.43
1536.5
1531.54
1526.53
1521.49
1516.42
1511.3
1506.15
1500.97
1495.75
1490.5
1485.21
1479.9
1474.55
1469.17
1463.76
1458.33
1452.88
1447.4
1441.92
1436.43
1430.91
1425.33
1419.71
1414.05
1408.35
1402.61
1396.83
1391.01
1385.15
1379.26
1373.33
1367.36
1361.35
1355.3
1349.22
1343.1
1336.95
1330.76
1324.54
1318.28
1311.98
1305.65
1299.29
1292.9
1286.49
1280.04
1273.58
1267.09
1260.59
1254.07
1247.55
1241.01
1234.47
1227.91
1221.33
1214.74
1208.13
1201.51
1194.86
1188.21
1181.56
1174.91
1168.28
1161.66
1155.07
1148.48
1141.89
1135.28
1128.62
1121.92
1115.15
1108.32
1101.44
1094.51
1087.56
1080.59
1073.61
1066.62
1059.63
1052.64
1045.64
1038.64
1031.63
1024.62
1017.61
1010.59
1003.58
996.593
989.618
982.608
975.541
968.428
961.272
954.073
946.831
939.544
932.214
924.842
917.427
909.974
902.493
894.989
887.448
879.856
872.213
864.522
856.781
848.991
841.15
833.258
825.313
817.315
809.262
801.154
792.992
784.777
776.513
768.203
759.855
751.459
742.997
734.471
725.889
717.251
708.559
699.813
691.011
682.153
673.238
664.263
655.228
646.131
636.971
627.744
618.451
609.088
599.653
590.143
580.554
570.88
561.113
551.243
541.251
531.112
520.791
510.246
1688.27
1683.38
1678.5
1674.05
1669.77
1665.58
1661.46
1657.37
1653.3
1649.22
1645.13
1641.01
1636.86
1632.67
1628.44
1624.17
1619.87
1615.53
1611.14
1606.73
1602.27
1597.78
1593.25
1588.68
1584.08
1579.44
1574.76
1570.05
1565.29
1560.5
1555.68
1550.81
1545.91
1540.98
1536
1530.99
1525.95
1520.87
1515.76
1510.61
1505.43
1500.21
1494.97
1489.69
1484.38
1479.04
1473.67
1468.28
1462.85
1457.41
1451.94
1446.45
1440.96
1435.46
1429.93
1424.34
1418.72
1413.05
1407.35
1401.61
1395.84
1390.02
1384.17
1378.28
1372.36
1366.4
1360.4
1354.36
1348.29
1342.19
1336.04
1329.86
1323.65
1317.4
1311.11
1304.79
1298.44
1292.06
1285.65
1279.21
1272.75
1266.27
1259.78
1253.27
1246.75
1240.22
1233.68
1227.13
1220.56
1213.97
1207.37
1200.73
1194.09
1187.43
1180.77
1174.11
1167.47
1160.84
1154.23
1147.63
1141.02
1134.38
1127.69
1120.96
1114.16
1107.31
1100.41
1093.48
1086.52
1079.55
1072.57
1065.59
1058.6
1051.61
1044.62
1037.62
1030.61
1023.61
1016.6
1009.59
1002.59
995.604
988.628
981.614
974.547
967.437
960.286
953.094
945.858
938.579
931.257
923.892
916.486
909.039
901.562
894.064
886.533
878.949
871.311
863.625
855.89
848.105
840.27
832.384
824.446
816.455
808.411
800.314
792.164
783.964
775.716
767.425
759.095
750.713
742.265
733.755
725.188
716.567
707.89
699.159
690.372
681.527
672.625
663.664
654.641
645.558
636.411
627.199
617.923
608.58
599.168
589.687
580.133
570.502
560.79
550.987
541.079
531.045
520.852
510.454
1689.62
1684.87
1679.94
1675.44
1671.08
1666.79
1662.55
1658.34
1654.16
1649.98
1645.79
1641.59
1637.35
1633.08
1628.78
1624.45
1620.07
1615.66
1611.22
1606.74
1602.22
1597.66
1593.07
1588.45
1583.79
1579.09
1574.35
1569.58
1564.78
1559.93
1555.06
1550.14
1545.2
1540.21
1535.2
1530.15
1525.06
1519.95
1514.8
1509.62
1504.41
1499.17
1493.89
1488.59
1483.26
1477.9
1472.52
1467.11
1461.67
1456.22
1450.74
1445.24
1439.75
1434.24
1428.7
1423.11
1417.49
1411.82
1406.12
1400.39
1394.62
1388.82
1382.97
1377.1
1371.19
1365.24
1359.25
1353.23
1347.18
1341.09
1334.96
1328.79
1322.59
1316.36
1310.09
1303.78
1297.44
1291.07
1284.67
1278.24
1271.8
1265.33
1258.84
1252.35
1245.84
1239.32
1232.79
1226.25
1219.69
1213.1
1206.5
1199.87
1193.22
1186.56
1179.89
1173.23
1166.57
1159.94
1153.31
1146.68
1140.05
1133.38
1126.67
1119.9
1113.08
1106.21
1099.29
1092.35
1085.39
1078.42
1071.45
1064.47
1057.49
1050.5
1043.51
1036.51
1029.51
1022.51
1015.51
1008.51
1001.51
994.534
987.558
980.54
973.474
966.369
959.223
952.037
944.809
937.538
930.225
922.869
915.47
908.031
900.559
893.065
885.542
877.965
870.333
862.652
854.923
847.146
839.32
831.443
823.516
815.537
807.506
799.424
791.29
783.108
774.879
766.609
758.299
749.932
741.499
733.006
724.456
715.851
707.191
698.474
689.701
680.871
671.981
663.032
654.023
644.952
635.818
626.622
617.363
608.039
598.651
589.198
579.678
570.091
560.434
550.701
540.882
530.959
520.906
510.676
1690.76
1686.08
1681.04
1676.47
1672.02
1667.61
1663.24
1658.91
1654.59
1650.28
1645.97
1641.65
1637.32
1632.96
1628.57
1624.15
1619.7
1615.21
1610.69
1606.13
1601.54
1596.92
1592.26
1587.57
1582.85
1578.09
1573.29
1568.46
1563.6
1558.71
1553.78
1548.82
1543.82
1538.79
1533.74
1528.65
1523.53
1518.38
1513.2
1507.99
1502.75
1497.49
1492.19
1486.88
1481.53
1476.16
1470.77
1465.35
1459.91
1454.45
1448.97
1443.48
1437.99
1432.49
1426.95
1421.37
1415.75
1410.1
1404.41
1398.69
1392.94
1387.16
1381.34
1375.49
1369.6
1363.68
1357.72
1351.72
1345.69
1339.63
1333.53
1327.39
1321.21
1315
1308.75
1302.47
1296.15
1289.8
1283.42
1277.01
1270.58
1264.14
1257.67
1251.19
1244.7
1238.2
1231.69
1225.16
1218.61
1212.04
1205.44
1198.82
1192.17
1185.51
1178.84
1172.18
1165.52
1158.87
1152.23
1145.58
1138.92
1132.22
1125.48
1118.68
1111.84
1104.95
1098.02
1091.08
1084.13
1077.16
1070.2
1063.22
1056.24
1049.25
1042.27
1035.28
1028.28
1021.29
1014.3
1007.3
1000.32
993.348
986.368
979.348
972.285
965.185
958.047
950.87
943.651
936.391
929.088
921.742
914.355
906.925
899.46
891.973
884.458
876.889
869.263
861.589
853.869
846.102
838.287
830.423
822.51
814.547
806.534
798.471
790.359
782.198
773.992
765.747
757.457
749.106
740.691
732.217
723.686
715.099
706.455
697.754
688.996
680.179
671.303
662.367
653.371
644.313
635.193
626.012
616.769
607.465
598.1
588.675
579.19
569.647
560.045
550.382
540.654
530.849
520.947
510.907
1691.7
1687
1681.76
1677.07
1672.51
1667.98
1663.46
1658.97
1654.5
1650.04
1645.59
1641.13
1636.67
1632.19
1627.69
1623.17
1618.62
1614.05
1609.44
1604.81
1600.14
1595.44
1590.71
1585.95
1581.15
1576.33
1571.47
1566.58
1561.66
1556.71
1551.73
1546.72
1541.68
1536.61
1531.51
1526.39
1521.23
1516.05
1510.85
1505.62
1500.36
1495.08
1489.77
1484.44
1479.09
1473.72
1468.33
1462.92
1457.48
1452.03
1446.57
1441.09
1435.61
1430.12
1424.6
1419.03
1413.43
1407.8
1402.15
1396.46
1390.74
1384.99
1379.2
1373.39
1367.54
1361.65
1355.73
1349.78
1343.79
1337.76
1331.7
1325.6
1319.46
1313.28
1307.07
1300.82
1294.53
1288.22
1281.87
1275.49
1269.09
1262.67
1256.24
1249.79
1243.32
1236.85
1230.36
1223.85
1217.32
1210.76
1204.17
1197.56
1190.93
1184.28
1177.61
1170.95
1164.29
1157.63
1150.97
1144.3
1137.61
1130.89
1124.11
1117.29
1110.43
1103.52
1096.6
1089.66
1082.71
1075.76
1068.79
1061.82
1054.84
1047.86
1040.88
1033.9
1026.92
1019.94
1012.95
1005.97
998.994
992.03
985.047
978.026
970.968
963.876
956.746
949.579
942.372
935.124
927.834
920.502
913.128
905.711
898.256
890.779
883.274
875.714
868.096
860.432
852.724
844.97
837.171
829.325
821.432
813.49
805.501
797.462
789.376
781.242
773.064
764.845
756.577
748.245
739.85
731.397
722.886
714.318
705.693
697.009
688.266
679.464
670.602
661.679
652.695
643.651
634.545
625.38
616.154
606.869
597.527
588.129
578.679
569.178
559.631
550.039
540.403
530.719
520.976
511.148
1692.51
1687.69
1682.19
1677.32
1672.59
1667.9
1663.22
1658.56
1653.92
1649.28
1644.66
1640.04
1635.42
1630.8
1626.17
1621.52
1616.87
1612.19
1607.49
1602.76
1598.01
1593.23
1588.42
1583.59
1578.72
1573.83
1568.9
1563.95
1558.97
1553.97
1548.94
1543.88
1538.79
1533.68
1528.55
1523.39
1518.21
1513
1507.78
1502.53
1497.26
1491.97
1486.66
1481.33
1475.98
1470.62
1465.23
1459.83
1454.42
1448.99
1443.54
1438.09
1432.63
1427.17
1421.67
1416.13
1410.57
1404.98
1399.36
1393.72
1388.04
1382.34
1376.61
1370.84
1365.04
1359.21
1353.35
1347.45
1341.51
1335.53
1329.52
1323.47
1317.38
1311.25
1305.08
1298.88
1292.63
1286.36
1280.05
1273.71
1267.35
1260.97
1254.58
1248.16
1241.73
1235.29
1228.83
1222.34
1215.84
1209.3
1202.73
1196.14
1189.52
1182.89
1176.24
1169.58
1162.92
1156.25
1149.58
1142.89
1136.17
1129.42
1122.62
1115.77
1108.89
1101.99
1095.07
1088.14
1081.2
1074.24
1067.28
1060.31
1053.34
1046.37
1039.4
1032.43
1025.46
1018.49
1011.52
1004.55
997.582
990.62
983.636
976.617
969.565
962.481
955.362
948.207
941.013
933.78
926.506
919.189
911.831
904.429
896.987
889.522
882.028
874.48
866.873
859.222
851.529
843.793
836.014
828.19
820.322
812.407
804.445
796.437
788.38
780.277
772.129
763.939
755.693
747.384
739.012
730.582
722.093
713.545
704.938
696.271
687.544
678.757
669.909
661
652.03
642.999
633.908
624.757
615.548
606.282
596.962
587.591
578.173
568.714
559.219
549.695
540.149
530.586
521.006
511.4
1693.16
1688.16
1682.33
1677.22
1672.29
1667.39
1662.52
1657.67
1652.84
1648.03
1643.22
1638.42
1633.63
1628.84
1624.05
1619.26
1614.47
1609.66
1604.85
1600.02
1595.17
1590.31
1585.42
1580.51
1575.57
1570.61
1565.62
1560.61
1555.58
1550.52
1545.44
1540.34
1535.21
1530.07
1524.9
1519.71
1514.51
1509.28
1504.04
1498.78
1493.51
1488.22
1482.91
1477.59
1472.26
1466.91
1461.55
1456.18
1450.79
1445.39
1439.98
1434.57
1429.14
1423.71
1418.26
1412.77
1407.25
1401.71
1396.15
1390.56
1384.95
1379.31
1373.64
1367.94
1362.21
1356.44
1350.64
1344.81
1338.94
1333.03
1327.08
1321.09
1315.06
1308.98
1302.87
1296.72
1290.53
1284.31
1278.05
1271.76
1265.45
1259.11
1252.76
1246.39
1240
1233.59
1227.16
1220.71
1214.23
1207.72
1201.18
1194.61
1188.01
1181.4
1174.76
1168.11
1161.45
1154.78
1148.1
1141.39
1134.65
1127.86
1121.04
1114.18
1107.29
1100.39
1093.48
1086.55
1079.61
1072.66
1065.71
1058.75
1051.79
1044.83
1037.88
1030.92
1023.96
1017
1010.04
1003.09
996.132
989.173
982.19
975.176
968.133
961.06
953.954
946.812
939.634
932.418
925.161
917.862
910.521
903.136
895.71
888.258
880.776
873.239
865.646
858.01
850.335
842.621
834.865
827.068
819.229
811.345
803.416
795.44
787.417
779.347
771.233
763.072
754.851
746.565
738.219
729.812
721.345
712.817
704.229
695.58
686.87
678.098
669.264
660.369
651.412
642.395
633.318
624.182
614.989
605.741
596.442
587.096
577.709
568.287
558.841
549.381
539.921
530.473
521.051
511.668
1693.63
1688.4
1682.23
1676.84
1671.66
1666.53
1661.44
1656.39
1651.36
1646.36
1641.37
1636.39
1631.42
1626.46
1621.5
1616.55
1611.59
1606.64
1601.69
1596.73
1591.77
1586.79
1581.81
1576.81
1571.8
1566.77
1561.73
1556.66
1551.57
1546.47
1541.35
1536.21
1531.05
1525.88
1520.69
1515.48
1510.26
1505.03
1499.78
1494.52
1489.25
1483.97
1478.68
1473.38
1468.07
1462.75
1457.42
1452.08
1446.74
1441.38
1436.02
1430.65
1425.28
1419.9
1414.5
1409.06
1403.61
1398.14
1392.65
1387.13
1381.59
1376.03
1370.44
1364.82
1359.17
1353.48
1347.76
1342.01
1336.21
1330.38
1324.5
1318.58
1312.62
1306.61
1300.56
1294.47
1288.34
1282.17
1275.97
1269.73
1263.47
1257.19
1250.88
1244.55
1238.2
1231.82
1225.42
1219
1212.55
1206.07
1199.55
1193.01
1186.44
1179.85
1173.24
1166.6
1159.95
1153.27
1146.57
1139.84
1133.08
1126.28
1119.44
1112.57
1105.69
1098.79
1091.88
1084.95
1078.01
1071.07
1064.12
1057.18
1050.23
1043.29
1036.34
1029.4
1022.46
1015.52
1008.57
1001.63
994.685
987.73
980.752
973.746
966.715
959.655
952.564
945.439
938.279
931.081
923.844
916.565
909.243
901.877
894.469
887.031
879.56
872.036
864.457
856.839
849.184
841.493
833.764
825.997
818.188
810.338
802.444
794.504
786.517
778.482
770.401
762.269
754.074
745.814
737.493
729.11
720.665
712.159
703.589
694.958
686.263
677.506
668.687
659.806
650.863
641.859
632.795
623.674
614.496
605.266
595.987
586.665
577.306
567.92
558.519
549.118
539.737
530.399
521.128
511.958
1693.83
1688.36
1681.87
1676.21
1670.78
1665.42
1660.11
1654.85
1649.63
1644.44
1639.28
1634.13
1629.01
1623.89
1618.78
1613.67
1608.57
1603.47
1598.37
1593.27
1588.17
1583.06
1577.96
1572.85
1567.74
1562.62
1557.5
1552.37
1547.23
1542.08
1536.92
1531.75
1526.57
1521.38
1516.17
1510.96
1505.74
1500.51
1495.27
1490.03
1484.77
1479.51
1474.25
1468.98
1463.7
1458.42
1453.14
1447.84
1442.55
1437.25
1431.94
1426.63
1421.32
1416
1410.67
1405.31
1399.94
1394.55
1389.14
1383.71
1378.26
1372.78
1367.28
1361.75
1356.19
1350.6
1344.97
1339.3
1333.59
1327.83
1322.04
1316.19
1310.3
1304.36
1298.38
1292.35
1286.28
1280.16
1274.01
1267.82
1261.61
1255.36
1249.09
1242.79
1236.47
1230.12
1223.74
1217.34
1210.91
1204.45
1197.96
1191.45
1184.91
1178.34
1171.75
1165.13
1158.48
1151.8
1145.09
1138.35
1131.56
1124.75
1117.9
1111.04
1104.15
1097.25
1090.33
1083.4
1076.47
1069.53
1062.6
1055.66
1048.73
1041.8
1034.87
1027.95
1021.02
1014.09
1007.16
1000.23
993.303
986.356
979.386
972.393
965.376
958.332
951.258
944.152
937.011
929.834
922.617
915.359
908.057
900.711
893.322
885.899
878.438
870.924
863.36
855.759
848.124
840.457
832.755
825.017
817.241
809.424
801.565
793.661
785.71
777.711
769.663
761.559
753.39
745.157
736.861
728.501
720.078
711.591
703.041
694.426
685.747
677.005
668.199
659.331
650.401
641.41
632.36
623.252
614.089
604.875
595.614
586.313
576.98
567.626
558.266
548.919
539.612
530.374
521.247
512.279
1693.71
1688.06
1681.47
1675.67
1670.1
1664.59
1659.15
1653.75
1648.4
1643.09
1637.81
1632.55
1627.31
1622.09
1616.88
1611.68
1606.49
1601.3
1596.11
1590.92
1585.73
1580.54
1575.35
1570.16
1564.97
1559.78
1554.58
1549.39
1544.19
1538.99
1533.79
1528.58
1523.37
1518.16
1512.94
1507.71
1502.49
1497.26
1492.02
1486.79
1481.55
1476.3
1471.06
1465.81
1460.57
1455.32
1450.07
1444.82
1439.57
1434.31
1429.06
1423.8
1418.54
1413.28
1408.01
1402.72
1397.42
1392.1
1386.76
1381.4
1376.03
1370.63
1365.2
1359.75
1354.27
1348.75
1343.19
1337.59
1331.95
1326.26
1320.52
1314.73
1308.89
1303
1297.06
1291.07
1285.02
1278.94
1272.81
1266.65
1260.45
1254.21
1247.95
1241.65
1235.33
1228.98
1222.6
1216.2
1209.77
1203.32
1196.84
1190.33
1183.8
1177.24
1170.66
1164.04
1157.39
1150.71
1143.98
1137.22
1130.43
1123.6
1116.76
1109.89
1103
1096.08
1089.16
1082.23
1075.3
1068.37
1061.44
1054.52
1047.59
1040.67
1033.75
1026.83
1019.92
1013
1006.08
999.166
992.242
985.301
978.339
971.355
964.349
957.317
950.256
943.163
936.037
928.873
921.67
914.425
907.136
899.801
892.423
885.012
877.565
870.062
862.507
854.917
847.298
839.649
831.968
824.254
816.503
808.714
800.883
793.007
785.085
777.114
769.092
761.01
752.862
744.65
736.374
728.033
719.626
711.155
702.618
694.016
685.349
676.618
667.823
658.964
650.044
641.062
632.021
622.924
613.772
604.57
595.324
586.04
576.727
567.399
558.073
548.772
539.527
530.38
521.384
512.606
1693.52
1687.79
1681.18
1675.33
1669.69
1664.11
1658.59
1653.12
1647.69
1642.3
1636.95
1631.62
1626.31
1621.02
1615.75
1610.49
1605.23
1599.99
1594.74
1589.5
1584.26
1579.03
1573.79
1568.55
1563.32
1558.08
1552.84
1547.61
1542.37
1537.14
1531.9
1526.67
1521.43
1516.2
1510.97
1505.73
1500.5
1495.26
1490.03
1484.8
1479.56
1474.33
1469.1
1463.87
1458.65
1453.42
1448.2
1442.97
1437.75
1432.53
1427.31
1422.09
1416.87
1411.65
1406.42
1401.18
1395.92
1390.65
1385.37
1380.07
1374.75
1369.41
1364.04
1358.64
1353.22
1347.75
1342.25
1336.71
1331.11
1325.47
1319.78
1314.03
1308.22
1302.36
1296.44
1290.46
1284.43
1278.36
1272.23
1266.07
1259.86
1253.62
1247.34
1241.03
1234.69
1228.33
1221.94
1215.52
1209.08
1202.62
1196.14
1189.63
1183.1
1176.54
1169.95
1163.33
1156.67
1149.98
1143.24
1136.47
1129.66
1122.83
1115.98
1109.1
1102.2
1095.28
1088.35
1081.42
1074.5
1067.57
1060.64
1053.72
1046.8
1039.88
1032.97
1026.06
1019.15
1012.24
1005.33
998.421
991.504
984.57
977.615
970.64
963.642
956.62
949.569
942.486
935.369
928.215
921.02
913.783
906.5
899.169
891.793
884.385
876.942
869.442
861.891
854.309
846.7
839.063
831.398
823.701
815.969
808.2
800.389
792.535
784.633
776.683
768.68
760.614
752.483
744.286
736.024
727.696
719.301
710.841
702.314
693.721
685.062
676.339
667.551
658.699
649.786
640.811
631.777
622.687
613.544
604.351
595.116
585.845
576.549
567.242
557.944
548.682
539.493
530.426
521.549
512.95
1693.19
1687.43
1680.87
1675.01
1669.35
1663.74
1658.19
1652.68
1647.22
1641.78
1636.38
1631.01
1625.65
1620.32
1615
1609.69
1604.39
1599.1
1593.82
1588.54
1583.27
1578
1572.73
1567.47
1562.2
1556.94
1551.68
1546.42
1541.16
1535.9
1530.65
1525.39
1520.14
1514.89
1509.65
1504.4
1499.16
1493.92
1488.69
1483.46
1478.23
1473.01
1467.78
1462.57
1457.36
1452.15
1446.94
1441.74
1436.55
1431.35
1426.16
1420.97
1415.78
1410.59
1405.4
1400.19
1394.98
1389.75
1384.51
1379.26
1373.99
1368.69
1363.37
1358.03
1352.65
1347.24
1341.78
1336.28
1330.73
1325.12
1319.46
1313.74
1307.95
1302.11
1296.2
1290.23
1284.2
1278.12
1271.98
1265.8
1259.57
1253.31
1247
1240.67
1234.31
1227.92
1221.51
1215.08
1208.62
1202.15
1195.65
1189.14
1182.6
1176.03
1169.44
1162.81
1156.15
1149.45
1142.7
1135.92
1129.11
1122.27
1115.41
1108.51
1101.6
1094.68
1087.75
1080.82
1073.89
1066.96
1060.04
1053.11
1046.2
1039.29
1032.38
1025.47
1018.57
1011.67
1004.77
997.862
990.953
984.026
977.079
970.114
963.126
956.113
949.072
941.999
934.891
927.745
920.557
913.325
906.046
898.717
891.34
883.931
876.486
868.985
861.435
853.856
846.254
838.627
830.974
823.29
815.573
807.818
800.023
792.184
784.298
776.364
768.375
760.321
752.202
744.016
735.765
727.446
719.061
710.608
702.089
693.503
684.85
676.132
667.35
658.504
649.595
640.626
631.597
622.513
613.376
604.191
594.964
585.704
576.421
567.132
557.858
548.628
539.486
530.489
521.72
513.291
1692.75
1686.99
1680.52
1674.7
1669.05
1663.45
1657.89
1652.38
1646.89
1641.44
1636.01
1630.6
1625.22
1619.85
1614.5
1609.16
1603.83
1598.51
1593.2
1587.89
1582.6
1577.3
1572.01
1566.72
1561.44
1556.16
1550.88
1545.61
1540.33
1535.06
1529.8
1524.53
1519.27
1514.02
1508.76
1503.52
1498.27
1493.03
1487.8
1482.57
1477.34
1472.13
1466.91
1461.71
1456.51
1451.31
1446.12
1440.94
1435.76
1430.59
1425.42
1420.25
1415.09
1409.94
1404.77
1399.6
1394.41
1389.22
1384.02
1378.81
1373.58
1368.32
1363.05
1357.74
1352.41
1347.03
1341.62
1336.15
1330.63
1325.06
1319.42
1313.72
1307.96
1302.12
1296.21
1290.24
1284.2
1278.1
1271.94
1265.73
1259.48
1253.18
1246.84
1240.48
1234.09
1227.67
1221.24
1214.78
1208.31
1201.82
1195.32
1188.79
1182.24
1175.67
1169.07
1162.44
1155.77
1149.06
1142.31
1135.52
1128.7
1121.85
1114.98
1108.07
1101.15
1094.22
1087.29
1080.35
1073.42
1066.49
1059.57
1052.65
1045.74
1038.83
1031.93
1025.03
1018.13
1011.23
1004.33
997.437
990.535
983.617
976.679
969.722
962.744
955.741
948.709
941.645
934.545
927.407
920.226
912.999
905.723
898.394
891.015
883.6
876.149
868.643
861.092
853.516
845.919
838.301
830.657
822.985
815.279
807.536
799.753
791.925
784.051
776.128
768.149
760.105
751.994
743.817
735.574
727.262
718.883
710.437
701.922
693.341
684.693
675.98
667.201
658.359
649.454
640.489
631.465
622.385
613.253
604.073
594.854
585.602
576.33
567.055
557.8
548.597
539.494
530.557
521.883
513.615
1692.25
1686.52
1680.17
1674.41
1668.79
1663.21
1657.67
1652.15
1646.67
1641.2
1635.76
1630.34
1624.94
1619.55
1614.17
1608.81
1603.45
1598.11
1592.78
1587.45
1582.13
1576.82
1571.52
1566.21
1560.92
1555.62
1550.34
1545.05
1539.77
1534.49
1529.22
1523.95
1518.69
1513.43
1508.17
1502.92
1497.68
1492.44
1487.21
1481.98
1476.76
1471.55
1466.35
1461.15
1455.96
1450.78
1445.6
1440.43
1435.27
1430.11
1424.96
1419.82
1414.68
1409.55
1404.41
1399.26
1394.11
1388.95
1383.78
1378.6
1373.4
1368.18
1362.94
1357.67
1352.37
1347.03
1341.65
1336.22
1330.73
1325.18
1319.56
1313.88
1308.12
1302.28
1296.37
1290.39
1284.33
1278.21
1272.02
1265.78
1259.49
1253.15
1246.78
1240.39
1233.97
1227.53
1221.07
1214.6
1208.11
1201.6
1195.08
1188.55
1181.99
1175.41
1168.81
1162.18
1155.5
1148.79
1142.03
1135.23
1128.41
1121.55
1114.65
1107.74
1100.81
1093.87
1086.93
1080
1073.07
1066.14
1059.21
1052.3
1045.38
1038.48
1031.58
1024.68
1017.79
1010.9
1004.01
997.115
990.22
983.31
976.38
969.433
962.464
955.47
948.447
941.392
934.301
927.169
919.994
912.772
905.498
898.169
890.786
883.363
875.904
868.39
860.835
853.261
845.67
838.059
830.423
822.76
815.063
807.33
799.555
791.736
783.871
775.957
767.984
759.947
751.843
743.672
735.434
727.128
718.753
710.311
701.801
693.223
684.578
675.868
667.092
658.253
649.351
640.389
631.368
622.291
613.163
603.988
594.773
585.528
576.265
567.001
557.761
548.58
539.51
530.623
522.031
513.913
1691.72
1686.03
1679.82
1674.13
1668.56
1663.02
1657.5
1651.99
1646.51
1641.05
1635.6
1630.17
1624.75
1619.34
1613.95
1608.57
1603.2
1597.84
1592.49
1587.15
1581.82
1576.49
1571.18
1565.86
1560.56
1555.26
1549.96
1544.67
1539.38
1534.1
1528.83
1523.56
1518.29
1513.03
1507.78
1502.53
1497.29
1492.05
1486.82
1481.6
1476.39
1471.18
1465.98
1460.79
1455.61
1450.44
1445.28
1440.12
1434.97
1429.83
1424.7
1419.57
1414.46
1409.34
1404.22
1399.1
1393.97
1388.84
1383.69
1378.54
1373.37
1368.18
1362.97
1357.73
1352.46
1347.15
1341.79
1336.39
1330.92
1325.39
1319.79
1314.12
1308.36
1302.52
1296.61
1290.6
1284.53
1278.37
1272.15
1265.88
1259.55
1253.18
1246.78
1240.36
1233.91
1227.45
1220.97
1214.47
1207.97
1201.45
1194.92
1188.37
1181.81
1175.23
1168.63
1161.99
1155.32
1148.6
1141.84
1135.04
1128.2
1121.32
1114.41
1107.48
1100.54
1093.6
1086.66
1079.72
1072.79
1065.86
1058.94
1052.02
1045.11
1038.21
1031.31
1024.42
1017.53
1010.64
1003.76
996.873
989.985
983.082
976.161
969.222
962.262
955.276
948.262
941.215
934.132
927.007
919.838
912.62
905.348
898.019
890.631
883.2
875.728
868.205
860.646
853.073
845.487
837.882
830.254
822.598
814.909
807.182
799.414
791.602
783.743
775.834
767.867
759.834
751.735
743.569
735.334
727.031
718.66
710.221
701.713
693.138
684.496
675.788
667.014
658.177
649.277
640.317
631.298
622.224
613.099
603.927
594.717
585.476
576.22
566.965
557.737
548.573
539.527
530.681
522.158
514.176
1691.18
1685.56
1679.49
1673.89
1668.37
1662.86
1657.37
1651.88
1646.4
1640.94
1635.49
1630.05
1624.62
1619.21
1613.8
1608.41
1603.03
1597.66
1592.3
1586.94
1581.6
1576.27
1570.94
1565.62
1560.31
1555
1549.7
1544.41
1539.12
1533.84
1528.56
1523.29
1518.03
1512.77
1507.52
1502.27
1497.03
1491.8
1486.58
1481.36
1476.15
1470.95
1465.76
1460.58
1455.4
1450.24
1445.08
1439.94
1434.8
1429.67
1424.55
1419.44
1414.34
1409.24
1404.14
1399.04
1393.93
1388.82
1383.7
1378.57
1373.42
1368.26
1363.07
1357.86
1352.61
1347.32
1341.99
1336.6
1331.15
1325.64
1320.05
1314.38
1308.63
1302.79
1296.86
1290.84
1284.74
1278.56
1272.31
1266
1259.64
1253.24
1246.81
1240.36
1233.89
1227.4
1220.91
1214.4
1207.88
1201.35
1194.81
1188.26
1181.69
1175.11
1168.5
1161.87
1155.2
1148.48
1141.72
1134.91
1128.05
1121.16
1114.24
1107.29
1100.35
1093.4
1086.46
1079.52
1072.58
1065.65
1058.73
1051.82
1044.91
1038
1031.11
1024.22
1017.33
1010.45
1003.57
996.695
989.813
982.918
976.004
969.072
962.12
955.142
948.136
941.096
934.02
926.902
919.738
912.523
905.254
897.925
890.534
883.092
875.606
868.071
860.509
852.937
845.355
837.756
830.135
822.485
814.801
807.08
799.317
791.509
783.654
775.749
767.785
759.756
751.66
743.496
735.265
726.964
718.595
710.158
701.652
693.078
684.438
675.731
666.96
658.124
649.225
640.266
631.249
622.177
613.054
603.885
594.677
585.441
576.189
566.94
557.721
548.57
539.543
530.727
522.259
514.396
1690.66
1685.13
1679.21
1673.69
1668.22
1662.75
1657.27
1651.8
1646.33
1640.87
1635.42
1629.97
1624.54
1619.12
1613.7
1608.3
1602.91
1597.53
1592.16
1586.8
1581.45
1576.11
1570.78
1565.46
1560.14
1554.83
1549.53
1544.23
1538.94
1533.66
1528.39
1523.12
1517.85
1512.6
1507.35
1502.1
1496.87
1491.64
1486.42
1481.21
1476
1470.81
1465.62
1460.45
1455.28
1450.12
1444.97
1439.84
1434.71
1429.59
1424.48
1419.39
1414.3
1409.21
1404.12
1399.04
1393.95
1388.85
1383.75
1378.63
1373.51
1368.36
1363.19
1358
1352.77
1347.5
1342.19
1336.82
1331.38
1325.88
1320.3
1314.64
1308.88
1303.04
1297.09
1291.06
1284.93
1278.73
1272.45
1266.12
1259.73
1253.31
1246.85
1240.38
1233.89
1227.39
1220.87
1214.35
1207.82
1201.28
1194.73
1188.18
1181.61
1175.03
1168.42
1161.79
1155.12
1148.41
1141.64
1134.82
1127.96
1121.05
1114.11
1107.16
1100.2
1093.25
1086.31
1079.37
1072.43
1065.5
1058.58
1051.66
1044.76
1037.86
1030.96
1024.08
1017.2
1010.32
1003.44
996.569
989.693
982.804
975.897
968.971
962.025
955.054
948.054
941.021
933.951
926.838
919.678
912.468
905.201
897.872
890.478
883.026
875.526
867.98
860.413
852.843
845.265
837.671
830.055
822.409
814.73
807.013
799.253
791.447
783.596
775.693
767.731
759.704
751.61
743.448
735.218
726.919
718.552
710.116
701.611
693.039
684.399
675.694
666.923
658.088
649.191
640.233
631.217
622.146
613.024
603.856
594.651
585.417
576.168
566.924
557.711
548.569
539.556
530.761
522.333
514.567
1690.17
1684.78
1679
1673.56
1668.13
1662.68
1657.22
1651.75
1646.29
1640.83
1635.37
1629.92
1624.48
1619.06
1613.64
1608.23
1602.83
1597.45
1592.07
1586.71
1581.36
1576.01
1570.68
1565.35
1560.03
1554.72
1549.42
1544.12
1538.83
1533.55
1528.27
1523.01
1517.74
1512.49
1507.24
1502
1496.77
1491.54
1486.33
1481.12
1475.92
1470.73
1465.54
1460.37
1455.21
1450.06
1444.92
1439.78
1434.66
1429.55
1424.46
1419.37
1414.29
1409.22
1404.14
1399.06
1393.98
1388.9
1383.81
1378.71
1373.6
1368.47
1363.31
1358.13
1352.92
1347.66
1342.36
1337.01
1331.58
1326.09
1320.52
1314.85
1309.1
1303.24
1297.29
1291.24
1285.1
1278.87
1272.57
1266.22
1259.81
1253.36
1246.89
1240.4
1233.9
1227.38
1220.86
1214.33
1207.79
1201.24
1194.69
1188.13
1181.56
1174.98
1168.38
1161.75
1155.08
1148.37
1141.6
1134.78
1127.9
1120.98
1114.02
1107.06
1100.1
1093.15
1086.2
1079.26
1072.33
1065.4
1058.48
1051.56
1044.66
1037.76
1030.87
1023.98
1017.1
1010.23
1003.36
996.488
989.616
982.731
975.829
968.908
961.967
955.002
948.007
940.979
933.913
926.804
919.648
912.441
905.175
897.848
890.452
882.992
875.478
867.921
860.352
852.784
845.209
837.618
830.005
822.363
814.687
806.972
799.214
791.41
783.56
775.658
767.698
759.672
751.579
743.419
735.19
726.892
718.525
710.09
701.586
693.014
684.376
675.671
666.9
658.066
649.169
640.212
631.197
622.126
613.005
603.839
594.634
585.402
576.156
566.914
557.705
548.568
539.563
530.782
522.381
514.683
1689.76
1684.53
1678.87
1673.48
1668.07
1662.64
1657.19
1651.73
1646.26
1640.8
1635.34
1629.89
1624.45
1619.02
1613.6
1608.19
1602.79
1597.4
1592.02
1586.65
1581.3
1575.95
1570.61
1565.29
1559.97
1554.66
1549.35
1544.06
1538.77
1533.49
1528.21
1522.94
1517.68
1512.43
1507.18
1501.95
1496.71
1491.49
1486.28
1481.07
1475.87
1470.68
1465.51
1460.34
1455.18
1450.03
1444.89
1439.76
1434.65
1429.54
1424.46
1419.38
1414.3
1409.23
1404.16
1399.09
1394.02
1388.95
1383.86
1378.77
1373.67
1368.55
1363.41
1358.24
1353.03
1347.79
1342.49
1337.15
1331.73
1326.24
1320.67
1315.01
1309.25
1303.4
1297.44
1291.37
1285.22
1278.98
1272.66
1266.29
1259.86
1253.41
1246.92
1240.42
1233.91
1227.39
1220.86
1214.32
1207.78
1201.23
1194.67
1188.1
1181.53
1174.95
1168.35
1161.73
1155.06
1148.35
1141.58
1134.76
1127.88
1120.94
1113.97
1107
1100.04
1093.09
1086.14
1079.2
1072.26
1065.34
1058.42
1051.5
1044.6
1037.7
1030.81
1023.93
1017.05
1010.18
1003.31
996.443
989.574
982.693
975.793
968.876
961.939
954.976
947.985
940.96
933.897
926.791
919.638
912.432
905.169
897.841
890.445
882.98
875.453
867.888
860.317
852.75
845.178
837.589
829.978
822.338
814.664
806.95
799.193
791.39
783.54
775.64
767.68
759.655
751.563
743.403
735.175
726.877
718.511
710.076
701.573
693.002
684.363
675.658
666.889
658.054
649.158
640.201
631.186
622.116
612.995
603.829
594.626
585.394
576.149
566.909
557.702
548.567
539.567
530.793
522.405
514.75
1689.48
1684.4
1678.82
1673.46
1668.06
1662.62
1657.17
1651.71
1646.25
1640.79
1635.33
1629.88
1624.43
1619
1613.57
1608.16
1602.76
1597.37
1591.99
1586.63
1581.27
1575.92
1570.58
1565.26
1559.94
1554.62
1549.32
1544.03
1538.74
1533.46
1528.18
1522.92
1517.66
1512.4
1507.16
1501.92
1496.69
1491.47
1486.26
1481.05
1475.85
1470.67
1465.49
1460.32
1455.17
1450.02
1444.88
1439.76
1434.65
1429.55
1424.46
1419.38
1414.31
1409.25
1404.18
1399.11
1394.05
1388.98
1383.9
1378.81
1373.72
1368.6
1363.46
1358.3
1353.1
1347.86
1342.57
1337.23
1331.82
1326.33
1320.76
1315.1
1309.34
1303.48
1297.51
1291.44
1285.28
1279.03
1272.71
1266.32
1259.89
1253.42
1246.93
1240.43
1233.91
1227.39
1220.85
1214.31
1207.77
1201.21
1194.65
1188.09
1181.52
1174.94
1168.34
1161.71
1155.05
1148.34
1141.57
1134.75
1127.87
1120.92
1113.95
1106.98
1100.02
1093.06
1086.11
1079.17
1072.24
1065.31
1058.39
1051.48
1044.57
1037.68
1030.79
1023.9
1017.03
1010.16
1003.29
996.424
989.557
982.678
975.78
968.865
961.928
954.968
947.978
940.955
933.893
926.789
919.636
912.431
905.168
897.841
890.445
882.976
875.443
867.873
860.301
852.735
845.163
837.576
829.966
822.326
814.653
806.94
799.183
791.38
783.532
775.631
767.672
759.647
751.556
743.396
735.168
726.871
718.505
710.07
701.567
692.996
684.358
675.653
666.883
658.05
649.153
640.196
631.181
622.111
612.991
603.825
594.622
585.39
576.145
566.906
557.7
548.567
539.567
530.796
522.414
514.778
510.568
502.063
492.586
482.317
471.314
459.597
447.165
434.005
420.09
405.387
389.852
373.433
356.07
337.694
318.225
297.576
275.645
252.317
227.458
200.901
172.429
141.747
108.404
71.5677
29.0533
509.464
500.79
491.257
480.964
469.948
458.223
445.785
432.619
418.698
403.988
388.446
372.018
354.646
336.259
316.78
296.118
274.173
250.83
225.954
199.377
170.882
140.178
106.815
69.9766
27.5782
508.441
499.533
489.902
479.56
468.515
456.772
444.322
431.145
417.214
402.495
386.942
370.504
353.12
334.721
315.229
294.553
272.593
249.232
224.336
197.737
169.221
138.495
105.121
68.3103
26.1526
507.493
498.337
488.576
478.162
467.074
455.302
442.831
429.638
415.693
400.961
385.395
368.944
351.546
333.133
313.626
292.935
270.958
247.579
222.663
196.043
167.505
136.762
103.389
66.641
24.8354
506.61
497.217
487.313
476.811
465.666
453.855
441.356
428.141
414.179
399.43
383.849
367.383
349.971
331.542
312.019
291.311
269.317
245.92
220.984
194.344
165.787
135.033
101.674
65.0236
23.6575
505.782
496.176
486.124
475.523
464.312
452.455
439.921
426.68
412.696
397.928
382.33
365.848
348.419
329.975
310.435
289.71
267.698
244.283
219.328
192.669
164.097
133.338
100.008
63.4856
22.6213
505.005
495.209
485.012
474.307
463.022
451.112
438.539
425.267
411.259
396.47
380.853
364.353
346.908
328.447
308.89
288.148
266.119
242.685
217.713
191.037
162.453
131.695
98.4071
62.0403
21.7168
504.274
494.31
483.975
473.165
461.802
449.834
437.217
423.912
409.876
395.065
379.428
362.91
345.447
326.968
307.395
286.636
264.59
241.139
216.15
189.459
160.866
130.117
96.8822
60.6923
20.9296
503.587
493.475
483.01
472.097
460.654
448.624
435.961
422.619
408.554
393.718
378.06
361.523
344.042
325.547
305.956
285.181
263.118
239.651
214.647
187.944
159.345
128.609
95.4385
59.4422
20.2448
502.944
492.699
482.114
471.1
459.577
447.484
434.772
421.391
407.295
392.434
376.755
360.198
342.699
324.187
304.58
283.788
261.709
238.227
213.209
186.495
157.894
127.177
94.0788
58.2876
19.6485
502.344
491.981
481.283
470.173
458.57
446.415
433.652
420.232
406.104
391.216
375.514
358.938
341.421
322.891
303.268
282.461
260.367
236.87
211.84
185.117
156.517
125.823
92.804
57.2252
19.1282
501.786
491.316
480.515
469.313
457.634
445.415
432.602
419.141
404.98
390.066
374.341
357.745
340.21
321.664
302.025
281.202
259.094
235.584
210.542
183.812
155.216
124.548
91.6141
56.2506
18.6735
501.271
490.704
479.807
468.519
456.765
444.484
431.621
418.119
403.925
388.984
373.237
356.621
339.069
320.506
300.852
280.015
257.892
234.37
209.319
182.584
153.992
123.355
90.5083
55.3597
18.2755
500.799
490.142
479.158
467.788
455.963
443.622
430.709
417.167
402.941
387.972
372.202
355.567
337.998
319.42
299.751
278.899
256.764
233.23
208.17
181.432
152.848
122.243
89.4854
54.5482
17.9268
500.369
489.63
478.563
467.117
455.225
442.827
429.866
416.284
402.026
387.031
371.239
354.584
336.998
318.405
298.722
277.858
255.711
232.166
207.099
180.358
151.783
121.212
88.5441
53.8119
17.6212
499.981
489.166
478.023
466.506
454.55
442.097
429.09
415.471
401.181
386.16
370.346
353.674
336.071
317.464
297.767
276.891
254.732
231.179
206.105
179.362
150.798
120.262
87.6827
53.1471
17.3536
499.634
488.748
477.535
465.952
453.936
441.432
428.381
414.725
400.405
385.36
369.525
352.835
335.218
316.596
296.887
275.999
253.83
230.268
205.189
178.446
149.893
119.392
86.8998
52.5504
17.12
499.327
488.374
477.096
465.452
453.382
440.829
427.738
414.048
399.699
384.63
368.776
352.069
334.437
315.803
296.082
275.183
253.005
229.436
204.352
177.609
149.069
118.603
86.1936
52.0186
16.917
499.058
488.044
476.706
465.006
452.886
440.289
427.159
413.437
399.062
383.971
368.099
351.376
333.73
315.084
295.352
274.444
252.257
228.682
203.594
176.853
148.325
117.894
85.5629
51.5489
16.7418
498.825
487.754
476.362
464.612
452.446
439.809
426.645
412.893
398.494
383.382
367.493
350.755
333.097
314.44
294.698
273.781
251.587
228.006
202.915
176.176
147.661
117.263
85.0061
51.1388
16.5922
498.625
487.504
476.064
464.269
452.062
439.389
426.193
412.416
397.994
382.864
366.958
350.208
332.538
313.87
294.12
273.195
250.994
227.408
202.315
175.579
147.077
116.712
84.522
50.7862
16.4663
498.456
487.291
475.808
463.974
451.731
439.027
425.804
412.003
397.562
382.415
366.496
349.733
332.053
313.376
293.618
272.686
250.48
226.89
201.795
175.063
146.574
116.238
84.1096
50.4892
16.3626
498.316
487.114
475.594
463.727
451.454
438.723
425.476
411.655
397.197
382.036
366.104
349.331
331.642
312.957
293.192
272.254
250.043
226.45
201.354
174.626
146.15
115.842
83.7679
50.2465
16.28
498.204
486.971
475.421
463.526
451.228
438.475
425.21
411.372
396.899
381.726
365.784
349.002
331.305
312.613
292.842
271.899
249.685
226.089
200.993
174.27
145.806
115.523
83.4961
50.0567
16.2177
498.119
486.861
475.288
463.371
451.054
438.284
425.003
411.152
396.668
381.485
365.535
348.745
331.042
312.344
292.568
271.621
249.404
225.807
200.712
173.994
145.542
115.281
83.2938
49.9192
16.1751
498.058
486.782
475.192
463.26
450.929
438.147
424.856
410.996
396.503
381.313
365.356
348.561
330.852
312.15
292.37
271.42
249.201
225.604
200.51
173.798
145.357
115.115
83.16
49.8327
16.1513
498.019
486.732
475.133
463.192
450.854
438.065
424.768
410.902
396.405
381.209
365.248
348.448
330.736
312.031
292.248
271.296
249.076
225.479
200.388
173.681
145.25
115.025
83.0931
49.7951
16.1435
498.001
486.715
475.112
463.169
450.83
438.04
424.741
410.874
396.375
381.177
365.213
348.411
330.697
311.99
292.206
271.254
249.034
225.438
200.351
173.65
145.228
115.016
83.0994
49.8125
16.155
498.012
486.733
475.137
463.202
450.871
438.087
424.794
410.931
396.434
381.239
365.276
348.474
330.76
312.053
292.27
271.319
249.101
225.509
200.426
173.732
145.319
115.116
83.2026
49.9014
16.1946
498.055
486.793
475.215
463.298
450.982
438.214
424.933
411.08
396.59
381.4
365.441
348.643
330.931
312.226
292.445
271.497
249.283
225.696
200.619
173.932
145.527
115.329
83.4081
50.0689
16.2671
498.129
486.895
475.345
463.455
451.166
438.419
425.157
411.319
396.842
381.661
365.709
348.916
331.208
312.508
292.731
271.787
249.579
225.997
200.928
174.25
145.852
115.654
83.7165
50.3158
16.3717
498.234
487.038
475.528
463.676
451.421
438.704
425.468
411.651
397.19
382.022
366.079
349.293
331.592
312.897
293.126
272.188
249.987
226.413
201.353
174.683
146.292
116.093
84.1277
50.6431
16.5094
498.372
487.226
475.765
463.961
451.749
439.071
425.867
412.075
397.634
382.482
366.551
349.775
332.082
313.394
293.63
272.7
250.507
226.943
201.892
175.233
146.848
116.643
84.6433
51.0534
16.6829
498.542
487.457
476.059
464.313
452.154
439.521
426.354
412.593
398.176
383.042
367.126
350.361
332.677
313.999
294.243
273.323
251.139
227.585
202.546
175.897
147.519
117.308
85.2648
51.5498
16.8956
498.747
487.736
476.41
464.733
452.636
440.055
426.932
413.205
398.815
383.702
367.803
351.052
333.379
314.71
294.965
274.055
251.882
228.341
203.314
176.677
148.306
118.086
85.9941
52.1362
17.1517
498.987
488.063
476.824
465.227
453.199
440.678
427.602
413.913
399.554
384.464
368.582
351.846
334.186
315.529
295.795
274.896
252.736
229.208
204.196
177.572
149.209
118.979
86.8335
52.8171
17.4568
499.263
488.442
477.303
465.796
453.847
441.39
428.366
414.719
400.391
385.326
369.465
352.744
335.098
316.453
296.731
275.845
253.699
230.186
205.19
178.581
150.227
119.988
87.7852
53.5976
17.8174
499.577
488.876
477.852
466.446
454.582
442.195
429.227
415.623
401.329
386.29
370.449
353.745
336.113
317.482
297.774
276.902
254.771
231.275
206.295
179.703
151.359
121.112
88.8514
54.4833
18.2421
499.932
489.372
478.476
467.182
455.41
443.097
430.187
416.627
402.368
387.355
371.535
354.848
337.232
318.615
298.921
278.064
255.95
232.471
207.511
180.936
152.605
122.351
90.0343
55.4805
18.7412
500.331
489.935
479.184
468.011
456.335
444.098
431.246
417.732
403.506
388.52
372.722
356.053
338.452
319.85
300.171
279.331
257.234
233.774
208.835
182.28
153.964
123.707
91.3359
56.5957
19.3276
500.781
490.574
479.983
468.936
457.361
445.2
432.406
418.936
404.744
389.784
374.006
357.355
339.77
321.184
301.521
280.697
258.619
235.18
210.263
183.731
155.432
125.175
92.7559
57.834
20.0154
501.289
491.297
480.876
469.961
458.486
446.401
433.664
420.236
406.076
391.141
375.383
358.749
341.18
322.609
302.962
282.156
260.097
236.68
211.787
185.278
157
126.747
94.2861
59.1912
20.8084
501.839
492.073
481.828
471.046
459.668
447.655
434.972
421.583
407.454
392.542
376.804
360.186
342.633
324.077
304.446
283.658
261.619
238.224
213.355
186.872
158.616
128.371
95.8754
60.6195
21.6728
502.399
492.858
482.786
472.13
460.846
448.9
436.266
422.914
408.812
393.922
378.202
361.6
344.062
325.522
305.907
285.136
263.117
239.744
214.899
188.441
160.209
129.974
97.451
62.0484
22.5529
502.964
493.641
483.734
473.198
461.999
450.115
437.525
424.206
410.129
395.26
379.556
362.971
345.446
326.92
307.321
286.567
264.567
241.215
216.394
189.961
161.752
131.529
98.9836
63.4488
23.4279
503.533
494.416
484.665
474.24
463.119
451.289
438.739
425.45
411.396
396.545
380.857
364.285
346.774
328.262
308.677
287.939
265.957
242.625
217.827
191.417
163.231
133.02
100.458
64.8065
24.2935
504.103
495.179
485.574
475.249
464.197
452.416
439.901
426.638
412.604
397.769
382.095
365.536
348.038
329.538
309.967
289.244
267.278
243.966
219.189
192.801
164.637
134.439
101.866
66.1133
25.1491
504.666
495.928
486.455
476.22
465.229
453.49
441.005
427.765
413.748
398.928
383.267
366.72
349.233
330.745
311.186
290.476
268.526
245.231
220.474
194.107
165.965
135.781
103.2
67.3631
25.9945
505.22
496.658
487.306
477.15
466.211
454.508
442.049
428.827
414.827
400.019
384.369
367.832
350.356
331.878
312.331
291.634
269.698
246.419
221.68
195.333
167.21
137.041
104.457
68.5516
26.8295
505.761
497.368
488.124
478.035
467.14
455.467
443.029
429.824
415.836
401.04
385.4
368.872
351.405
332.937
313.399
292.714
270.791
247.527
222.805
196.475
168.372
138.217
105.634
69.676
27.6534
506.291
498.058
488.907
478.873
468.014
456.365
443.945
430.753
416.777
401.99
386.358
369.839
352.379
333.919
314.391
293.716
271.805
248.554
223.847
197.535
169.449
139.309
106.731
70.734
28.4649
506.811
498.726
489.653
479.663
468.832
457.202
444.796
431.615
417.647
402.868
387.244
370.731
353.278
334.826
315.306
294.64
272.739
249.501
224.808
198.511
170.442
140.317
107.746
71.7239
29.2614
507.325
499.371
490.358
480.402
469.592
457.976
445.58
432.407
418.447
403.674
388.056
371.549
354.102
335.657
316.144
295.486
273.594
250.366
225.687
199.404
171.351
141.24
108.678
72.6436
30.0382
507.833
499.988
491.019
481.086
470.29
458.684
446.296
433.129
419.173
404.405
388.792
372.29
354.849
336.409
316.902
296.251
274.368
251.15
226.482
200.212
172.173
142.077
109.527
73.49
30.7882
508.329
500.565
491.623
481.704
470.916
459.316
446.932
433.769
419.818
405.054
389.444
372.946
355.51
337.074
317.573
296.929
275.053
251.844
227.186
200.929
172.904
142.823
110.286
74.2541
31.4971
508.789
501.073
492.146
482.233
471.449
459.853
447.472
434.312
420.363
405.602
389.996
373.501
356.069
337.638
318.141
297.503
275.635
252.434
227.785
201.539
173.526
143.459
110.935
74.9146
32.1353
509.184
501.491
492.568
482.658
471.875
460.28
447.9
434.742
420.795
406.037
390.433
373.942
356.513
338.086
318.594
297.96
276.098
252.904
228.263
202.026
174.023
143.968
111.457
75.4487
32.6672
)
;

boundaryField
{
    inlet
    {
        type            zeroGradient;
    }
    outlet
    {
        type            fixedValue;
        value           uniform 0;
    }
    upperWall
    {
        type            zeroGradient;
    }
    lowerWall
    {
        type            zeroGradient;
    }
    frontAndBack
    {
        type            empty;
    }
}


// ************************************************************************* //
