# Region type : patch inlet
# Faces  :    30
# Area   :    2.540000e-05
# Time        	areaAverage(p)	areaAverage(U)
0             	0.000000e+00	(1.000000e+01 0.000000e+00 0.000000e+00)
0.000119048   	1.540370e+04	(1.000000e+01 0.000000e+00 0.000000e+00)
0.000183629   	-6.226472e+01	(1.000000e+01 0.000000e+00 0.000000e+00)
0.000244981   	7.819388e+01	(1.000000e+01 0.000000e+00 0.000000e+00)
0.00031567    	-1.580721e+01	(1.000000e+01 0.000000e+00 0.000000e+00)
0.000396373   	1.051941e+00	(1.000000e+01 0.000000e+00 0.000000e+00)
0.000486973   	-5.328363e+00	(1.000000e+01 0.000000e+00 0.000000e+00)
0.00058711    	-1.963498e+00	(1.000000e+01 0.000000e+00 0.000000e+00)
0.000691698   	-3.184612e+00	(1.000000e+01 0.000000e+00 0.000000e+00)
0.00079869    	-2.062468e+00	(1.000000e+01 0.000000e+00 0.000000e+00)
0.000908229   	-2.050024e+00	(1.000000e+01 0.000000e+00 0.000000e+00)
0.0010191     	-1.588119e+00	(1.000000e+01 0.000000e+00 0.000000e+00)
0.00113424    	-1.416463e+00	(1.000000e+01 0.000000e+00 0.000000e+00)
0.0012509     	-1.213095e+00	(1.000000e+01 0.000000e+00 0.000000e+00)
0.00137075    	-1.072337e+00	(1.000000e+01 0.000000e+00 0.000000e+00)
0.00149581    	-9.325009e-01	(1.000000e+01 0.000000e+00 0.000000e+00)
0.00162274    	-7.902656e-01	(1.000000e+01 0.000000e+00 0.000000e+00)
0.00175363    	-6.231812e-01	(1.000000e+01 0.000000e+00 0.000000e+00)
0.00188664    	-4.740431e-01	(1.000000e+01 0.000000e+00 0.000000e+00)
0.00202186    	-3.016359e-01	(1.000000e+01 0.000000e+00 0.000000e+00)
0.00215942    	-1.576799e-01	(1.000000e+01 0.000000e+00 0.000000e+00)
0.00229943    	-2.576193e-03	(1.000000e+01 0.000000e+00 0.000000e+00)
0.00244203    	1.316283e-01	(1.000000e+01 0.000000e+00 0.000000e+00)
0.00258738    	2.817365e-01	(1.000000e+01 0.000000e+00 0.000000e+00)
0.00273272    	3.362641e-01	(1.000000e+01 0.000000e+00 0.000000e+00)
0.00288103    	4.665254e-01	(1.000000e+01 0.000000e+00 0.000000e+00)
0.00302934    	4.553528e-01	(1.000000e+01 0.000000e+00 0.000000e+00)
0.00318088    	4.614228e-01	(1.000000e+01 0.000000e+00 0.000000e+00)
0.00333242    	4.905779e-01	(1.000000e+01 0.000000e+00 0.000000e+00)
0.00348748    	4.919272e-01	(1.000000e+01 0.000000e+00 0.000000e+00)
0.00364254    	4.849032e-01	(1.000000e+01 0.000000e+00 0.000000e+00)
0.00380147    	4.558981e-01	(1.000000e+01 0.000000e+00 0.000000e+00)
0.00396041    	4.062848e-01	(1.000000e+01 0.000000e+00 0.000000e+00)
0.00411935    	3.488717e-01	(1.000000e+01 0.000000e+00 0.000000e+00)
0.0042827     	2.743047e-01	(1.000000e+01 0.000000e+00 0.000000e+00)
0.00444605    	1.827739e-01	(1.000000e+01 0.000000e+00 0.000000e+00)
0.0046094     	8.416711e-02	(1.000000e+01 0.000000e+00 0.000000e+00)
0.00477786    	-3.623472e-02	(1.000000e+01 0.000000e+00 0.000000e+00)
0.00494631    	-1.624897e-01	(1.000000e+01 0.000000e+00 0.000000e+00)
0.00511477    	-2.958700e-01	(1.000000e+01 0.000000e+00 0.000000e+00)
0.00528924    	-4.387146e-01	(1.000000e+01 0.000000e+00 0.000000e+00)
0.00546371    	-5.904233e-01	(1.000000e+01 0.000000e+00 0.000000e+00)
0.00563819    	-7.515799e-01	(1.000000e+01 0.000000e+00 0.000000e+00)
0.00581266    	-9.012450e-01	(1.000000e+01 0.000000e+00 0.000000e+00)
0.00598713    	-1.071624e+00	(1.000000e+01 0.000000e+00 0.000000e+00)
0.00616954    	-1.249625e+00	(1.000000e+01 0.000000e+00 0.000000e+00)
0.00635194    	-1.423079e+00	(1.000000e+01 0.000000e+00 0.000000e+00)
0.00653434    	-1.602793e+00	(1.000000e+01 0.000000e+00 0.000000e+00)
0.00671674    	-1.774895e+00	(1.000000e+01 0.000000e+00 0.000000e+00)
0.00689915    	-1.958126e+00	(1.000000e+01 0.000000e+00 0.000000e+00)
0.00708155    	-2.105582e+00	(1.000000e+01 0.000000e+00 0.000000e+00)
0.00726395    	-2.306084e+00	(1.000000e+01 0.000000e+00 0.000000e+00)
0.00745939    	-2.491084e+00	(1.000000e+01 0.000000e+00 0.000000e+00)
0.00765482    	-2.660889e+00	(1.000000e+01 0.000000e+00 0.000000e+00)
0.00785025    	-2.823916e+00	(1.000000e+01 0.000000e+00 0.000000e+00)
0.00804568    	-2.976968e+00	(1.000000e+01 0.000000e+00 0.000000e+00)
0.00824111    	-3.123964e+00	(1.000000e+01 0.000000e+00 0.000000e+00)
0.00843655    	-3.240006e+00	(1.000000e+01 0.000000e+00 0.000000e+00)
0.00863198    	-3.408393e+00	(1.000000e+01 0.000000e+00 0.000000e+00)
0.00882741    	-3.510919e+00	(1.000000e+01 0.000000e+00 0.000000e+00)
0.00902284    	-3.669019e+00	(1.000000e+01 0.000000e+00 0.000000e+00)
0.00921827    	-3.759264e+00	(1.000000e+01 0.000000e+00 0.000000e+00)
0.0094137     	-3.912084e+00	(1.000000e+01 0.000000e+00 0.000000e+00)
0.00960914    	-3.988491e+00	(1.000000e+01 0.000000e+00 0.000000e+00)
0.00980457    	-4.135926e+00	(1.000000e+01 0.000000e+00 0.000000e+00)
0.01          	-4.194886e+00	(1.000000e+01 0.000000e+00 0.000000e+00)
0.0102174     	-7.663647e+03	(1.000000e+00 0.000000e+00 0.000000e+00)
0.0102767     	5.034069e+01	(1.000000e+00 0.000000e+00 0.000000e+00)
0.0103428     	-2.133156e+01	(1.000000e+00 0.000000e+00 0.000000e+00)
0.0104149     	-1.547249e+00	(1.000000e+00 0.000000e+00 0.000000e+00)
0.0104922     	-1.628601e+00	(1.000000e+00 0.000000e+00 0.000000e+00)
0.0105778     	1.407187e-01	(1.000000e+00 0.000000e+00 0.000000e+00)
0.010673      	1.445215e-01	(1.000000e+00 0.000000e+00 0.000000e+00)
0.010779      	7.421471e-01	(1.000000e+00 0.000000e+00 0.000000e+00)
0.0108957     	6.312976e-01	(1.000000e+00 0.000000e+00 0.000000e+00)
0.0110258     	8.751256e-01	(1.000000e+00 0.000000e+00 0.000000e+00)
0.0111705     	6.601687e-01	(1.000000e+00 0.000000e+00 0.000000e+00)
0.0113311     	7.325146e-01	(1.000000e+00 0.000000e+00 0.000000e+00)
0.011508      	3.163693e-01	(1.000000e+00 0.000000e+00 0.000000e+00)
0.0116887     	2.014018e-01	(1.000000e+00 0.000000e+00 0.000000e+00)
0.0118776     	-2.567063e-01	(1.000000e+00 0.000000e+00 0.000000e+00)
0.012071      	-2.582537e-01	(1.000000e+00 0.000000e+00 0.000000e+00)
0.0122692     	-8.323048e-01	(1.000000e+00 0.000000e+00 0.000000e+00)
0.0124674     	-6.613721e-01	(1.000000e+00 0.000000e+00 0.000000e+00)
0.0126656     	-1.370453e+00	(1.000000e+00 0.000000e+00 0.000000e+00)
0.0128694     	-9.487412e-01	(1.000000e+00 0.000000e+00 0.000000e+00)
0.0130731     	-1.780410e+00	(1.000000e+00 0.000000e+00 0.000000e+00)
0.0132768     	-1.222407e+00	(1.000000e+00 0.000000e+00 0.000000e+00)
0.0134806     	-2.036923e+00	(1.000000e+00 0.000000e+00 0.000000e+00)
0.0136781     	-1.449424e+00	(1.000000e+00 0.000000e+00 0.000000e+00)
0.0138757     	-2.137530e+00	(1.000000e+00 0.000000e+00 0.000000e+00)
0.0140732     	-1.588004e+00	(1.000000e+00 0.000000e+00 0.000000e+00)
0.0142708     	-2.184625e+00	(1.000000e+00 0.000000e+00 0.000000e+00)
0.0144684     	-1.644659e+00	(1.000000e+00 0.000000e+00 0.000000e+00)
0.0146659     	-2.220326e+00	(1.000000e+00 0.000000e+00 0.000000e+00)
0.0148635     	-1.659425e+00	(1.000000e+00 0.000000e+00 0.000000e+00)
0.015061      	-2.222182e+00	(1.000000e+00 0.000000e+00 0.000000e+00)
0.0152586     	-1.661262e+00	(1.000000e+00 0.000000e+00 0.000000e+00)
0.0154562     	-2.076503e+00	(1.000000e+00 0.000000e+00 0.000000e+00)
0.0156537     	-1.806439e+00	(1.000000e+00 0.000000e+00 0.000000e+00)
0.0158513     	-1.987979e+00	(1.000000e+00 0.000000e+00 0.000000e+00)
0.0160488     	-1.819528e+00	(1.000000e+00 0.000000e+00 0.000000e+00)
0.0162464     	-1.911651e+00	(1.000000e+00 0.000000e+00 0.000000e+00)
0.0164439     	-1.788936e+00	(1.000000e+00 0.000000e+00 0.000000e+00)
0.0166415     	-1.821021e+00	(1.000000e+00 0.000000e+00 0.000000e+00)
0.0168391     	-1.730264e+00	(1.000000e+00 0.000000e+00 0.000000e+00)
0.0170366     	-1.719796e+00	(1.000000e+00 0.000000e+00 0.000000e+00)
0.0172342     	-1.644382e+00	(1.000000e+00 0.000000e+00 0.000000e+00)
0.0174317     	-1.604888e+00	(1.000000e+00 0.000000e+00 0.000000e+00)
0.0176293     	-1.532638e+00	(1.000000e+00 0.000000e+00 0.000000e+00)
0.0178269     	-1.476482e+00	(1.000000e+00 0.000000e+00 0.000000e+00)
0.0180244     	-1.410048e+00	(1.000000e+00 0.000000e+00 0.000000e+00)
0.018222      	-1.330239e+00	(1.000000e+00 0.000000e+00 0.000000e+00)
0.0184195     	-1.267383e+00	(1.000000e+00 0.000000e+00 0.000000e+00)
0.0186171     	-1.163664e+00	(1.000000e+00 0.000000e+00 0.000000e+00)
0.0188146     	-1.111618e+00	(1.000000e+00 0.000000e+00 0.000000e+00)
0.0190122     	-9.940498e-01	(1.000000e+00 0.000000e+00 0.000000e+00)
0.0192098     	-9.538622e-01	(1.000000e+00 0.000000e+00 0.000000e+00)
0.0194073     	-8.280939e-01	(1.000000e+00 0.000000e+00 0.000000e+00)
0.0196049     	-7.878990e-01	(1.000000e+00 0.000000e+00 0.000000e+00)
0.0198024     	-6.587854e-01	(1.000000e+00 0.000000e+00 0.000000e+00)
0.02          	-6.244495e-01	(1.000000e+00 0.000000e+00 0.000000e+00)
0.0202174     	-4.797230e-01	(1.000000e+00 0.000000e+00 0.000000e+00)
0.0204503     	-4.365163e-01	(1.000000e+00 0.000000e+00 0.000000e+00)
0.0206891     	-2.705454e-01	(1.000000e+00 0.000000e+00 0.000000e+00)
0.0209278     	-2.415256e-01	(1.000000e+00 0.000000e+00 0.000000e+00)
0.021173      	-8.164129e-02	(1.000000e+00 0.000000e+00 0.000000e+00)
0.0214252     	-3.975211e-02	(1.000000e+00 0.000000e+00 0.000000e+00)
0.0216774     	1.145922e-01	(1.000000e+00 0.000000e+00 0.000000e+00)
0.0219375     	1.372862e-01	(1.000000e+00 0.000000e+00 0.000000e+00)
0.0221976     	3.181837e-01	(1.000000e+00 0.000000e+00 0.000000e+00)
0.0224666     	2.867249e-01	(1.000000e+00 0.000000e+00 0.000000e+00)
0.0227357     	5.158681e-01	(1.000000e+00 0.000000e+00 0.000000e+00)
0.0230151     	4.081048e-01	(1.000000e+00 0.000000e+00 0.000000e+00)
0.0233061     	7.060930e-01	(1.000000e+00 0.000000e+00 0.000000e+00)
0.0235971     	5.181431e-01	(1.000000e+00 0.000000e+00 0.000000e+00)
0.023902      	8.921119e-01	(1.000000e+00 0.000000e+00 0.000000e+00)
0.0242069     	5.690988e-01	(1.000000e+00 0.000000e+00 0.000000e+00)
0.0245288     	1.053540e+00	(1.000000e+00 0.000000e+00 0.000000e+00)
0.0248506     	5.982969e-01	(1.000000e+00 0.000000e+00 0.000000e+00)
0.0251724     	1.152673e+00	(1.000000e+00 0.000000e+00 0.000000e+00)
0.0255173     	6.228495e-01	(1.000000e+00 0.000000e+00 0.000000e+00)
0.0258621     	1.083783e+00	(1.000000e+00 0.000000e+00 0.000000e+00)
0.0262069     	7.697942e-01	(1.000000e+00 0.000000e+00 0.000000e+00)
0.0265517     	1.203825e+00	(1.000000e+00 0.000000e+00 0.000000e+00)
0.0269349     	6.245856e-01	(1.000000e+00 0.000000e+00 0.000000e+00)
0.027318      	1.154059e+00	(1.000000e+00 0.000000e+00 0.000000e+00)
0.0277012     	7.911170e-01	(1.000000e+00 0.000000e+00 0.000000e+00)
0.0280843     	1.096659e+00	(1.000000e+00 0.000000e+00 0.000000e+00)
0.0284674     	7.841282e-01	(1.000000e+00 0.000000e+00 0.000000e+00)
0.0288506     	9.924418e-01	(1.000000e+00 0.000000e+00 0.000000e+00)
0.0292337     	6.307506e-01	(1.000000e+00 0.000000e+00 0.000000e+00)
0.0296169     	1.027439e+00	(1.000000e+00 0.000000e+00 0.000000e+00)
0.03          	5.237508e-01	(1.000000e+00 0.000000e+00 0.000000e+00)
0.0304        	9.219075e-01	(1.000000e+00 0.000000e+00 0.000000e+00)
0.0308        	4.801121e-01	(1.000000e+00 0.000000e+00 0.000000e+00)
0.0312        	8.970614e-01	(1.000000e+00 0.000000e+00 0.000000e+00)
0.0316        	4.235190e-01	(1.000000e+00 0.000000e+00 0.000000e+00)
0.032         	8.022551e-01	(1.000000e+00 0.000000e+00 0.000000e+00)
0.0324        	3.842141e-01	(1.000000e+00 0.000000e+00 0.000000e+00)
0.0328222     	7.081603e-01	(1.000000e+00 0.000000e+00 0.000000e+00)
0.0332444     	3.400929e-01	(1.000000e+00 0.000000e+00 0.000000e+00)
0.0336667     	6.099948e-01	(1.000000e+00 0.000000e+00 0.000000e+00)
0.0340889     	2.984589e-01	(1.000000e+00 0.000000e+00 0.000000e+00)
0.0345111     	5.369730e-01	(1.000000e+00 0.000000e+00 0.000000e+00)
0.0349333     	2.629684e-01	(1.000000e+00 0.000000e+00 0.000000e+00)
0.0353556     	4.675514e-01	(1.000000e+00 0.000000e+00 0.000000e+00)
0.03582       	2.194852e-01	(1.000000e+00 0.000000e+00 0.000000e+00)
0.0362844     	4.444961e-01	(1.000000e+00 0.000000e+00 0.000000e+00)
0.0367489     	1.722650e-01	(1.000000e+00 0.000000e+00 0.000000e+00)
0.0372133     	4.126793e-01	(1.000000e+00 0.000000e+00 0.000000e+00)
0.0376778     	1.102185e-01	(1.000000e+00 0.000000e+00 0.000000e+00)
0.0381422     	4.082493e-01	(1.000000e+00 0.000000e+00 0.000000e+00)
0.0386067     	1.728099e-01	(1.000000e+00 0.000000e+00 0.000000e+00)
0.0390711     	2.794629e-01	(1.000000e+00 0.000000e+00 0.000000e+00)
0.0395356     	1.943289e-01	(1.000000e+00 0.000000e+00 0.000000e+00)
0.04          	2.136931e-01	(1.000000e+00 0.000000e+00 0.000000e+00)
0.0405        	2.292141e-01	(1.000000e+00 0.000000e+00 0.000000e+00)
0.041         	1.460343e-01	(1.000000e+00 0.000000e+00 0.000000e+00)
0.0415        	2.788563e-01	(1.000000e+00 0.000000e+00 0.000000e+00)
0.042         	1.553039e-01	(1.000000e+00 0.000000e+00 0.000000e+00)
0.0425        	2.819837e-01	(1.000000e+00 0.000000e+00 0.000000e+00)
0.043         	1.600290e-01	(1.000000e+00 0.000000e+00 0.000000e+00)
0.0435        	2.892149e-01	(1.000000e+00 0.000000e+00 0.000000e+00)
0.044         	1.640230e-01	(1.000000e+00 0.000000e+00 0.000000e+00)
0.0445        	3.028114e-01	(1.000000e+00 0.000000e+00 0.000000e+00)
0.045         	1.716612e-01	(1.000000e+00 0.000000e+00 0.000000e+00)
0.0455        	3.151384e-01	(1.000000e+00 0.000000e+00 0.000000e+00)
0.046         	1.867467e-01	(1.000000e+00 0.000000e+00 0.000000e+00)
0.0465        	3.717290e-01	(1.000000e+00 0.000000e+00 0.000000e+00)
0.047         	1.841256e-01	(1.000000e+00 0.000000e+00 0.000000e+00)
0.0475        	3.400120e-01	(1.000000e+00 0.000000e+00 0.000000e+00)
0.048         	2.193194e-01	(1.000000e+00 0.000000e+00 0.000000e+00)
0.0485        	3.453206e-01	(1.000000e+00 0.000000e+00 0.000000e+00)
0.049         	2.418505e-01	(1.000000e+00 0.000000e+00 0.000000e+00)
0.0495        	3.944458e-01	(1.000000e+00 0.000000e+00 0.000000e+00)
0.05          	2.337065e-01	(1.000000e+00 0.000000e+00 0.000000e+00)
0.0505263     	3.697623e-01	(1.000000e+00 0.000000e+00 0.000000e+00)
0.0510526     	2.638511e-01	(1.000000e+00 0.000000e+00 0.000000e+00)
0.0515789     	4.193279e-01	(1.000000e+00 0.000000e+00 0.000000e+00)
0.0521053     	2.509839e-01	(1.000000e+00 0.000000e+00 0.000000e+00)
0.0526316     	3.792518e-01	(1.000000e+00 0.000000e+00 0.000000e+00)
0.0531579     	2.869607e-01	(1.000000e+00 0.000000e+00 0.000000e+00)
0.0536842     	4.115377e-01	(1.000000e+00 0.000000e+00 0.000000e+00)
0.0542105     	2.746109e-01	(1.000000e+00 0.000000e+00 0.000000e+00)
0.0547368     	3.767469e-01	(1.000000e+00 0.000000e+00 0.000000e+00)
0.0552632     	3.061350e-01	(1.000000e+00 0.000000e+00 0.000000e+00)
0.0557895     	4.042360e-01	(1.000000e+00 0.000000e+00 0.000000e+00)
0.0563158     	2.875735e-01	(1.000000e+00 0.000000e+00 0.000000e+00)
0.0568421     	4.139824e-01	(1.000000e+00 0.000000e+00 0.000000e+00)
0.0573684     	2.406329e-01	(1.000000e+00 0.000000e+00 0.000000e+00)
0.0578947     	3.779852e-01	(1.000000e+00 0.000000e+00 0.000000e+00)
0.0584211     	3.100638e-01	(1.000000e+00 0.000000e+00 0.000000e+00)
0.0589474     	3.963042e-01	(1.000000e+00 0.000000e+00 0.000000e+00)
0.0594737     	2.580848e-01	(1.000000e+00 0.000000e+00 0.000000e+00)
0.06          	4.045038e-01	(1.000000e+00 0.000000e+00 0.000000e+00)
0.0605882     	2.930603e-01	(1.000000e+00 0.000000e+00 0.000000e+00)
0.0612157     	4.248734e-01	(1.000000e+00 0.000000e+00 0.000000e+00)
0.0618431     	2.797567e-01	(1.000000e+00 0.000000e+00 0.000000e+00)
0.0624706     	3.743933e-01	(1.000000e+00 0.000000e+00 0.000000e+00)
0.063098      	3.102981e-01	(1.000000e+00 0.000000e+00 0.000000e+00)
0.0637255     	3.934253e-01	(1.000000e+00 0.000000e+00 0.000000e+00)
0.0643529     	2.847180e-01	(1.000000e+00 0.000000e+00 0.000000e+00)
0.0649804     	4.023302e-01	(1.000000e+00 0.000000e+00 0.000000e+00)
0.0656078     	2.736920e-01	(1.000000e+00 0.000000e+00 0.000000e+00)
0.0662353     	3.532599e-01	(1.000000e+00 0.000000e+00 0.000000e+00)
0.0668627     	3.013637e-01	(1.000000e+00 0.000000e+00 0.000000e+00)
0.0674902     	3.646609e-01	(1.000000e+00 0.000000e+00 0.000000e+00)
0.0681176     	2.794275e-01	(1.000000e+00 0.000000e+00 0.000000e+00)
0.0687451     	3.737050e-01	(1.000000e+00 0.000000e+00 0.000000e+00)
0.0693725     	2.665743e-01	(1.000000e+00 0.000000e+00 0.000000e+00)
0.07          	3.675593e-01	(1.000000e+00 0.000000e+00 0.000000e+00)
0.0706667     	2.632572e-01	(1.000000e+00 0.000000e+00 0.000000e+00)
0.0713846     	3.809081e-01	(1.000000e+00 0.000000e+00 0.000000e+00)
0.0721026     	2.503721e-01	(1.000000e+00 0.000000e+00 0.000000e+00)
0.0728205     	3.362308e-01	(1.000000e+00 0.000000e+00 0.000000e+00)
0.0735385     	2.689388e-01	(1.000000e+00 0.000000e+00 0.000000e+00)
0.0742564     	3.556978e-01	(1.000000e+00 0.000000e+00 0.000000e+00)
0.0749744     	2.468990e-01	(1.000000e+00 0.000000e+00 0.000000e+00)
0.0756923     	3.190067e-01	(1.000000e+00 0.000000e+00 0.000000e+00)
0.0764103     	2.607519e-01	(1.000000e+00 0.000000e+00 0.000000e+00)
0.0771282     	3.338711e-01	(1.000000e+00 0.000000e+00 0.000000e+00)
0.0778462     	2.402336e-01	(1.000000e+00 0.000000e+00 0.000000e+00)
0.0785641     	3.323855e-01	(1.000000e+00 0.000000e+00 0.000000e+00)
0.0792821     	2.320600e-01	(1.000000e+00 0.000000e+00 0.000000e+00)
0.08          	2.977539e-01	(1.000000e+00 0.000000e+00 0.000000e+00)
0.0807692     	2.465618e-01	(1.000000e+00 0.000000e+00 0.000000e+00)
0.0816084     	3.263866e-01	(1.000000e+00 0.000000e+00 0.000000e+00)
0.0824476     	2.213631e-01	(1.000000e+00 0.000000e+00 0.000000e+00)
0.0832867     	2.998270e-01	(1.000000e+00 0.000000e+00 0.000000e+00)
0.0841259     	2.265002e-01	(1.000000e+00 0.000000e+00 0.000000e+00)
0.084965      	3.177536e-01	(1.000000e+00 0.000000e+00 0.000000e+00)
0.0858042     	2.069262e-01	(1.000000e+00 0.000000e+00 0.000000e+00)
0.0866434     	2.849170e-01	(1.000000e+00 0.000000e+00 0.000000e+00)
0.0874825     	2.150849e-01	(1.000000e+00 0.000000e+00 0.000000e+00)
0.0883217     	2.719106e-01	(1.000000e+00 0.000000e+00 0.000000e+00)
0.0891608     	2.148676e-01	(1.000000e+00 0.000000e+00 0.000000e+00)
0.09          	2.856314e-01	(1.000000e+00 0.000000e+00 0.000000e+00)
0.0909091     	1.983259e-01	(1.000000e+00 0.000000e+00 0.000000e+00)
0.0919192     	2.757330e-01	(1.000000e+00 0.000000e+00 0.000000e+00)
0.0929293     	1.968394e-01	(1.000000e+00 0.000000e+00 0.000000e+00)
0.0939394     	2.710467e-01	(1.000000e+00 0.000000e+00 0.000000e+00)
0.0949495     	1.889102e-01	(1.000000e+00 0.000000e+00 0.000000e+00)
0.0959596     	2.631580e-01	(1.000000e+00 0.000000e+00 0.000000e+00)
0.0969697     	1.833051e-01	(1.000000e+00 0.000000e+00 0.000000e+00)
0.0979798     	2.555122e-01	(1.000000e+00 0.000000e+00 0.000000e+00)
0.0989899     	1.770884e-01	(1.000000e+00 0.000000e+00 0.000000e+00)
0.1           	1.889409e+03	(1.000000e+01 0.000000e+00 0.000000e+00)
0.100039      	1.518566e+00	(1.000000e+01 0.000000e+00 0.000000e+00)
0.100083      	7.288838e+01	(1.000000e+01 0.000000e+00 0.000000e+00)
0.100132      	3.375374e+01	(1.000000e+01 0.000000e+00 0.000000e+00)
0.100189      	1.643611e+01	(1.000000e+01 0.000000e+00 0.000000e+00)
0.100254      	1.331033e+01	(1.000000e+01 0.000000e+00 0.000000e+00)
0.100327      	8.800310e+00	(1.000000e+01 0.000000e+00 0.000000e+00)
0.100409      	7.188002e+00	(1.000000e+01 0.000000e+00 0.000000e+00)
0.1005        	5.189657e+00	(1.000000e+01 0.000000e+00 0.000000e+00)
0.100594      	4.131823e+00	(1.000000e+01 0.000000e+00 0.000000e+00)
0.100692      	2.869536e+00	(1.000000e+01 0.000000e+00 0.000000e+00)
0.100792      	2.119117e+00	(1.000000e+01 0.000000e+00 0.000000e+00)
0.100897      	1.269114e+00	(1.000000e+01 0.000000e+00 0.000000e+00)
0.101005      	6.899307e-01	(1.000000e+01 0.000000e+00 0.000000e+00)
0.101117      	5.256502e-02	(1.000000e+01 0.000000e+00 0.000000e+00)
0.101236      	-3.523505e-01	(1.000000e+01 0.000000e+00 0.000000e+00)
0.101358      	-8.017332e-01	(1.000000e+01 0.000000e+00 0.000000e+00)
0.101485      	-1.001448e+00	(1.000000e+01 0.000000e+00 0.000000e+00)
0.101616      	-1.367369e+00	(1.000000e+01 0.000000e+00 0.000000e+00)
0.101751      	-1.440493e+00	(1.000000e+01 0.000000e+00 0.000000e+00)
0.101891      	-1.662289e+00	(1.000000e+01 0.000000e+00 0.000000e+00)
0.102033      	-1.640119e+00	(1.000000e+01 0.000000e+00 0.000000e+00)
0.102178      	-1.797432e+00	(1.000000e+01 0.000000e+00 0.000000e+00)
0.102325      	-1.660579e+00	(1.000000e+01 0.000000e+00 0.000000e+00)
0.102476      	-1.928243e+00	(1.000000e+01 0.000000e+00 0.000000e+00)
0.102626      	-1.542764e+00	(1.000000e+01 0.000000e+00 0.000000e+00)
0.10278       	-1.986785e+00	(1.000000e+01 0.000000e+00 0.000000e+00)
0.102934      	-1.339156e+00	(1.000000e+01 0.000000e+00 0.000000e+00)
0.103091      	-2.002834e+00	(1.000000e+01 0.000000e+00 0.000000e+00)
0.103248      	-1.166363e+00	(1.000000e+01 0.000000e+00 0.000000e+00)
0.103405      	-1.949763e+00	(1.000000e+01 0.000000e+00 0.000000e+00)
0.103562      	-1.365042e+00	(1.000000e+01 0.000000e+00 0.000000e+00)
0.103723      	-1.641066e+00	(1.000000e+01 0.000000e+00 0.000000e+00)
0.103884      	-1.312577e+00	(1.000000e+01 0.000000e+00 0.000000e+00)
0.104045      	-1.500262e+00	(1.000000e+01 0.000000e+00 0.000000e+00)
0.104206      	-1.262760e+00	(1.000000e+01 0.000000e+00 0.000000e+00)
0.104371      	-1.380737e+00	(1.000000e+01 0.000000e+00 0.000000e+00)
0.104537      	-1.205974e+00	(1.000000e+01 0.000000e+00 0.000000e+00)
0.104702      	-1.292556e+00	(1.000000e+01 0.000000e+00 0.000000e+00)
0.104868      	-1.169251e+00	(1.000000e+01 0.000000e+00 0.000000e+00)
0.105039      	-1.239500e+00	(1.000000e+01 0.000000e+00 0.000000e+00)
0.10521       	-1.141710e+00	(1.000000e+01 0.000000e+00 0.000000e+00)
0.105381      	-1.220420e+00	(1.000000e+01 0.000000e+00 0.000000e+00)
0.105552      	-1.148013e+00	(1.000000e+01 0.000000e+00 0.000000e+00)
0.105723      	-1.221785e+00	(1.000000e+01 0.000000e+00 0.000000e+00)
0.105901      	-1.172479e+00	(1.000000e+01 0.000000e+00 0.000000e+00)
0.10608       	-1.252597e+00	(1.000000e+01 0.000000e+00 0.000000e+00)
0.106258      	-1.220917e+00	(1.000000e+01 0.000000e+00 0.000000e+00)
0.106436      	-1.312205e+00	(1.000000e+01 0.000000e+00 0.000000e+00)
0.106614      	-1.296524e+00	(1.000000e+01 0.000000e+00 0.000000e+00)
0.106792      	-1.392737e+00	(1.000000e+01 0.000000e+00 0.000000e+00)
0.106971      	-1.392175e+00	(1.000000e+01 0.000000e+00 0.000000e+00)
0.107149      	-1.462114e+00	(1.000000e+01 0.000000e+00 0.000000e+00)
0.107339      	-1.544561e+00	(1.000000e+01 0.000000e+00 0.000000e+00)
0.107529      	-1.587072e+00	(1.000000e+01 0.000000e+00 0.000000e+00)
0.107719      	-1.688538e+00	(1.000000e+01 0.000000e+00 0.000000e+00)
0.107909      	-1.738834e+00	(1.000000e+01 0.000000e+00 0.000000e+00)
0.108099      	-1.851180e+00	(1.000000e+01 0.000000e+00 0.000000e+00)
0.108289      	-1.899844e+00	(1.000000e+01 0.000000e+00 0.000000e+00)
0.108479      	-2.023113e+00	(1.000000e+01 0.000000e+00 0.000000e+00)
0.108669      	-2.040180e+00	(1.000000e+01 0.000000e+00 0.000000e+00)
0.10886       	-2.207100e+00	(1.000000e+01 0.000000e+00 0.000000e+00)
0.10905       	-2.199557e+00	(1.000000e+01 0.000000e+00 0.000000e+00)
0.10924       	-2.393673e+00	(1.000000e+01 0.000000e+00 0.000000e+00)
0.10943       	-2.353148e+00	(1.000000e+01 0.000000e+00 0.000000e+00)
0.10962       	-2.583864e+00	(1.000000e+01 0.000000e+00 0.000000e+00)
0.10981       	-2.495761e+00	(1.000000e+01 0.000000e+00 0.000000e+00)
0.11          	-2.791551e+00	(1.000000e+01 0.000000e+00 0.000000e+00)
0.110208      	-8.132478e+03	(1.000000e+00 0.000000e+00 0.000000e+00)
0.110268      	1.091459e+02	(1.000000e+00 0.000000e+00 0.000000e+00)
0.110334      	-2.697361e+01	(1.000000e+00 0.000000e+00 0.000000e+00)
0.110405      	-1.026629e+00	(1.000000e+00 0.000000e+00 0.000000e+00)
0.110481      	-1.136642e+00	(1.000000e+00 0.000000e+00 0.000000e+00)
0.110566      	6.182190e-01	(1.000000e+00 0.000000e+00 0.000000e+00)
0.110659      	1.193328e+00	(1.000000e+00 0.000000e+00 0.000000e+00)
0.110763      	1.540527e+00	(1.000000e+00 0.000000e+00 0.000000e+00)
0.110878      	1.808160e+00	(1.000000e+00 0.000000e+00 0.000000e+00)
0.111007      	1.926993e+00	(1.000000e+00 0.000000e+00 0.000000e+00)
0.11115       	1.944537e+00	(1.000000e+00 0.000000e+00 0.000000e+00)
0.111308      	1.885445e+00	(1.000000e+00 0.000000e+00 0.000000e+00)
0.111481      	1.690240e+00	(1.000000e+00 0.000000e+00 0.000000e+00)
0.111671      	1.355599e+00	(1.000000e+00 0.000000e+00 0.000000e+00)
0.111869      	1.097006e+00	(1.000000e+00 0.000000e+00 0.000000e+00)
0.112072      	6.838209e-01	(1.000000e+00 0.000000e+00 0.000000e+00)
0.112281      	4.847719e-01	(1.000000e+00 0.000000e+00 0.000000e+00)
0.112495      	-5.052590e-02	(1.000000e+00 0.000000e+00 0.000000e+00)
0.11271       	-6.945670e-02	(1.000000e+00 0.000000e+00 0.000000e+00)
0.112924      	-7.776589e-01	(1.000000e+00 0.000000e+00 0.000000e+00)
0.113139      	-4.765406e-01	(1.000000e+00 0.000000e+00 0.000000e+00)
0.113347      	-1.422854e+00	(1.000000e+00 0.000000e+00 0.000000e+00)
0.113554      	-8.453276e-01	(1.000000e+00 0.000000e+00 0.000000e+00)
0.113762      	-1.885736e+00	(1.000000e+00 0.000000e+00 0.000000e+00)
0.11397       	-1.179999e+00	(1.000000e+00 0.000000e+00 0.000000e+00)
0.114178      	-2.200389e+00	(1.000000e+00 0.000000e+00 0.000000e+00)
0.114386      	-1.422933e+00	(1.000000e+00 0.000000e+00 0.000000e+00)
0.114594      	-2.209242e+00	(1.000000e+00 0.000000e+00 0.000000e+00)
0.114802      	-1.832553e+00	(1.000000e+00 0.000000e+00 0.000000e+00)
0.115019      	-2.242237e+00	(1.000000e+00 0.000000e+00 0.000000e+00)
0.115235      	-1.953835e+00	(1.000000e+00 0.000000e+00 0.000000e+00)
0.115452      	-2.293700e+00	(1.000000e+00 0.000000e+00 0.000000e+00)
0.115668      	-1.987167e+00	(1.000000e+00 0.000000e+00 0.000000e+00)
0.115885      	-2.266073e+00	(1.000000e+00 0.000000e+00 0.000000e+00)
0.116102      	-1.974944e+00	(1.000000e+00 0.000000e+00 0.000000e+00)
0.116318      	-2.250512e+00	(1.000000e+00 0.000000e+00 0.000000e+00)
0.116548      	-1.764090e+00	(1.000000e+00 0.000000e+00 0.000000e+00)
0.116778      	-2.252845e+00	(1.000000e+00 0.000000e+00 0.000000e+00)
0.117008      	-1.472264e+00	(1.000000e+00 0.000000e+00 0.000000e+00)
0.117239      	-2.160107e+00	(1.000000e+00 0.000000e+00 0.000000e+00)
0.117469      	-1.247424e+00	(1.000000e+00 0.000000e+00 0.000000e+00)
0.117699      	-1.927258e+00	(1.000000e+00 0.000000e+00 0.000000e+00)
0.117929      	-1.041791e+00	(1.000000e+00 0.000000e+00 0.000000e+00)
0.118159      	-1.639080e+00	(1.000000e+00 0.000000e+00 0.000000e+00)
0.118389      	-8.138467e-01	(1.000000e+00 0.000000e+00 0.000000e+00)
0.118619      	-1.327851e+00	(1.000000e+00 0.000000e+00 0.000000e+00)
0.118849      	-5.927184e-01	(1.000000e+00 0.000000e+00 0.000000e+00)
0.11908       	-1.006129e+00	(1.000000e+00 0.000000e+00 0.000000e+00)
0.11931       	-3.712767e-01	(1.000000e+00 0.000000e+00 0.000000e+00)
0.11954       	-6.995200e-01	(1.000000e+00 0.000000e+00 0.000000e+00)
0.11977       	-1.533609e-01	(1.000000e+00 0.000000e+00 0.000000e+00)
0.12          	-4.040599e-01	(1.000000e+00 0.000000e+00 0.000000e+00)
0.120256      	1.127412e-01	(1.000000e+00 0.000000e+00 0.000000e+00)
0.120535      	-1.502252e-01	(1.000000e+00 0.000000e+00 0.000000e+00)
0.120831      	4.538020e-01	(1.000000e+00 0.000000e+00 0.000000e+00)
0.121136      	5.096895e-02	(1.000000e+00 0.000000e+00 0.000000e+00)
0.121442      	7.373198e-01	(1.000000e+00 0.000000e+00 0.000000e+00)
0.121759      	2.307748e-01	(1.000000e+00 0.000000e+00 0.000000e+00)
0.122088      	1.029464e+00	(1.000000e+00 0.000000e+00 0.000000e+00)
0.122418      	3.561853e-01	(1.000000e+00 0.000000e+00 0.000000e+00)
0.122763      	1.285668e+00	(1.000000e+00 0.000000e+00 0.000000e+00)
0.123125      	4.293086e-01	(1.000000e+00 0.000000e+00 0.000000e+00)
0.123486      	1.556299e+00	(1.000000e+00 0.000000e+00 0.000000e+00)
0.12387       	4.274942e-01	(1.000000e+00 0.000000e+00 0.000000e+00)
0.124253      	1.419641e+00	(1.000000e+00 0.000000e+00 0.000000e+00)
0.124663      	7.779356e-01	(1.000000e+00 0.000000e+00 0.000000e+00)
0.125074      	1.913163e+00	(1.000000e+00 0.000000e+00 0.000000e+00)
0.125484      	3.917369e-01	(1.000000e+00 0.000000e+00 0.000000e+00)
0.125936      	1.715012e+00	(1.000000e+00 0.000000e+00 0.000000e+00)
0.126387      	5.047853e-01	(1.000000e+00 0.000000e+00 0.000000e+00)
0.126839      	1.675457e+00	(1.000000e+00 0.000000e+00 0.000000e+00)
0.127291      	8.886411e-01	(1.000000e+00 0.000000e+00 0.000000e+00)
0.127742      	1.633152e+00	(1.000000e+00 0.000000e+00 0.000000e+00)
0.128194      	9.059022e-01	(1.000000e+00 0.000000e+00 0.000000e+00)
0.128645      	1.575664e+00	(1.000000e+00 0.000000e+00 0.000000e+00)
0.129097      	8.662628e-01	(1.000000e+00 0.000000e+00 0.000000e+00)
0.129548      	1.517403e+00	(1.000000e+00 0.000000e+00 0.000000e+00)
0.13          	8.429423e-01	(1.000000e+00 0.000000e+00 0.000000e+00)
0.1305        	1.505292e+00	(1.000000e+00 0.000000e+00 0.000000e+00)
0.131059      	7.136676e-01	(1.000000e+00 0.000000e+00 0.000000e+00)
0.131655      	1.612129e+00	(1.000000e+00 0.000000e+00 0.000000e+00)
0.132251      	5.634292e-01	(1.000000e+00 0.000000e+00 0.000000e+00)
0.132897      	1.610589e+00	(1.000000e+00 0.000000e+00 0.000000e+00)
0.133542      	4.567410e-01	(1.000000e+00 0.000000e+00 0.000000e+00)
0.134188      	1.542635e+00	(1.000000e+00 0.000000e+00 0.000000e+00)
0.134834      	4.374744e-01	(1.000000e+00 0.000000e+00 0.000000e+00)
0.13548       	1.427184e+00	(1.000000e+00 0.000000e+00 0.000000e+00)
0.136125      	4.253986e-01	(1.000000e+00 0.000000e+00 0.000000e+00)
0.136771      	1.314396e+00	(1.000000e+00 0.000000e+00 0.000000e+00)
0.137417      	4.307594e-01	(1.000000e+00 0.000000e+00 0.000000e+00)
0.138063      	1.213369e+00	(1.000000e+00 0.000000e+00 0.000000e+00)
0.138708      	4.307075e-01	(1.000000e+00 0.000000e+00 0.000000e+00)
0.139354      	1.123996e+00	(1.000000e+00 0.000000e+00 0.000000e+00)
0.14          	4.293470e-01	(1.000000e+00 0.000000e+00 0.000000e+00)
0.140714      	1.104536e+00	(1.000000e+00 0.000000e+00 0.000000e+00)
0.141488      	3.779154e-01	(1.000000e+00 0.000000e+00 0.000000e+00)
0.142262      	1.156782e+00	(1.000000e+00 0.000000e+00 0.000000e+00)
0.143122      	3.210707e-01	(1.000000e+00 0.000000e+00 0.000000e+00)
0.143981      	1.241575e+00	(1.000000e+00 0.000000e+00 0.000000e+00)
0.144841      	2.570094e-01	(1.000000e+00 0.000000e+00 0.000000e+00)
0.145701      	1.233185e+00	(1.000000e+00 0.000000e+00 0.000000e+00)
0.146561      	2.125518e-01	(1.000000e+00 0.000000e+00 0.000000e+00)
0.147421      	1.189908e+00	(1.000000e+00 0.000000e+00 0.000000e+00)
0.14828       	1.786449e-01	(1.000000e+00 0.000000e+00 0.000000e+00)
0.14914       	1.148519e+00	(1.000000e+00 0.000000e+00 0.000000e+00)
0.15          	1.426222e-01	(1.000000e+00 0.000000e+00 0.000000e+00)
0.150909      	1.158408e+00	(1.000000e+00 0.000000e+00 0.000000e+00)
0.151919      	4.841569e-02	(1.000000e+00 0.000000e+00 0.000000e+00)
0.152929      	1.323809e+00	(1.000000e+00 0.000000e+00 0.000000e+00)
0.153939      	-1.541304e-01	(1.000000e+00 0.000000e+00 0.000000e+00)
0.154949      	1.501428e+00	(1.000000e+00 0.000000e+00 0.000000e+00)
0.15596       	-4.263822e-01	(1.000000e+00 0.000000e+00 0.000000e+00)
0.15697       	1.754914e+00	(1.000000e+00 0.000000e+00 0.000000e+00)
0.15798       	-6.663209e-01	(1.000000e+00 0.000000e+00 0.000000e+00)
0.15899       	1.938413e+00	(1.000000e+00 0.000000e+00 0.000000e+00)
0.16          	-9.542071e-01	(1.000000e+00 0.000000e+00 0.000000e+00)
0.161111      	2.505101e+00	(1.000000e+00 0.000000e+00 0.000000e+00)
0.162222      	-1.687477e+00	(1.000000e+00 0.000000e+00 0.000000e+00)
0.163333      	2.921600e+00	(1.000000e+00 0.000000e+00 0.000000e+00)
0.164444      	-2.280237e+00	(1.000000e+00 0.000000e+00 0.000000e+00)
0.165556      	3.529084e+00	(1.000000e+00 0.000000e+00 0.000000e+00)
0.166667      	-2.904377e+00	(1.000000e+00 0.000000e+00 0.000000e+00)
0.167778      	4.137655e+00	(1.000000e+00 0.000000e+00 0.000000e+00)
0.168889      	-3.515698e+00	(1.000000e+00 0.000000e+00 0.000000e+00)
0.17          	4.714069e+00	(1.000000e+00 0.000000e+00 0.000000e+00)
0.17125       	-4.462207e+00	(1.000000e+00 0.000000e+00 0.000000e+00)
0.1725        	5.974407e+00	(1.000000e+00 0.000000e+00 0.000000e+00)
0.17375       	-5.728247e+00	(1.000000e+00 0.000000e+00 0.000000e+00)
0.175         	7.339313e+00	(1.000000e+00 0.000000e+00 0.000000e+00)
0.17625       	-7.068297e+00	(1.000000e+00 0.000000e+00 0.000000e+00)
0.1775        	9.271785e+00	(1.000000e+00 0.000000e+00 0.000000e+00)
0.17875       	-1.092155e+01	(1.000000e+00 0.000000e+00 0.000000e+00)
0.18          	1.190513e+01	(1.000000e+00 0.000000e+00 0.000000e+00)
0.18125       	-1.247589e+01	(1.000000e+00 0.000000e+00 0.000000e+00)
0.1825        	1.631886e+01	(1.000000e+00 0.000000e+00 0.000000e+00)
0.18375       	-1.641857e+01	(1.000000e+00 0.000000e+00 0.000000e+00)
0.185         	1.867507e+01	(1.000000e+00 0.000000e+00 0.000000e+00)
0.18625       	-2.103933e+01	(1.000000e+00 0.000000e+00 0.000000e+00)
0.1875        	2.560195e+01	(1.000000e+00 0.000000e+00 0.000000e+00)
0.18875       	-2.768176e+01	(1.000000e+00 0.000000e+00 0.000000e+00)
0.19          	2.994378e+01	(1.000000e+00 0.000000e+00 0.000000e+00)
0.19125       	-3.562081e+01	(1.000000e+00 0.000000e+00 0.000000e+00)
0.192708      	3.822312e+01	(1.000000e+00 0.000000e+00 0.000000e+00)
0.193924      	-4.202651e+01	(1.000000e+00 0.000000e+00 0.000000e+00)
0.195139      	4.117469e+01	(1.000000e+00 0.000000e+00 0.000000e+00)
0.196354      	-4.843629e+01	(1.000000e+00 0.000000e+00 0.000000e+00)
0.197569      	4.289045e+01	(1.000000e+00 0.000000e+00 0.000000e+00)
0.198785      	-5.289550e+01	(1.000000e+00 0.000000e+00 0.000000e+00)
0.2           	1.785797e+03	(1.000000e+01 0.000000e+00 0.000000e+00)
0.200039      	-2.795468e+01	(1.000000e+01 0.000000e+00 0.000000e+00)
0.200081      	9.648150e+01	(1.000000e+01 0.000000e+00 0.000000e+00)
0.200128      	4.055534e+01	(1.000000e+01 0.000000e+00 0.000000e+00)
0.200183      	1.910124e+01	(1.000000e+01 0.000000e+00 0.000000e+00)
0.200245      	1.735072e+01	(1.000000e+01 0.000000e+00 0.000000e+00)
0.200315      	1.226011e+01	(1.000000e+01 0.000000e+00 0.000000e+00)
0.200393      	1.025495e+01	(1.000000e+01 0.000000e+00 0.000000e+00)
0.20048       	7.661149e+00	(1.000000e+01 0.000000e+00 0.000000e+00)
0.200571      	7.069074e+00	(1.000000e+01 0.000000e+00 0.000000e+00)
0.200665      	4.922807e+00	(1.000000e+01 0.000000e+00 0.000000e+00)
0.200762      	4.702046e+00	(1.000000e+01 0.000000e+00 0.000000e+00)
0.200864      	3.335238e+00	(1.000000e+01 0.000000e+00 0.000000e+00)
0.200969      	3.142673e+00	(1.000000e+01 0.000000e+00 0.000000e+00)
0.201077      	1.824484e+00	(1.000000e+01 0.000000e+00 0.000000e+00)
0.201192      	1.822951e+00	(1.000000e+01 0.000000e+00 0.000000e+00)
0.201309      	8.787762e-01	(1.000000e+01 0.000000e+00 0.000000e+00)
0.201432      	1.040932e+00	(1.000000e+01 0.000000e+00 0.000000e+00)
0.201558      	1.128499e-01	(1.000000e+01 0.000000e+00 0.000000e+00)
0.20169       	6.450952e-01	(1.000000e+01 0.000000e+00 0.000000e+00)
0.201824      	-5.220202e-01	(1.000000e+01 0.000000e+00 0.000000e+00)
0.201962      	6.790911e-01	(1.000000e+01 0.000000e+00 0.000000e+00)
0.202103      	-1.103340e+00	(1.000000e+01 0.000000e+00 0.000000e+00)
0.202247      	8.660146e-01	(1.000000e+01 0.000000e+00 0.000000e+00)
0.202393      	-1.467391e+00	(1.000000e+01 0.000000e+00 0.000000e+00)
0.202539      	9.175649e-01	(1.000000e+01 0.000000e+00 0.000000e+00)
0.202689      	-1.526799e+00	(1.000000e+01 0.000000e+00 0.000000e+00)
0.202838      	9.764592e-01	(1.000000e+01 0.000000e+00 0.000000e+00)
0.20299       	-1.484289e+00	(1.000000e+01 0.000000e+00 0.000000e+00)
0.203143      	1.071265e+00	(1.000000e+01 0.000000e+00 0.000000e+00)
0.203295      	-1.401660e+00	(1.000000e+01 0.000000e+00 0.000000e+00)
0.203451      	1.180216e+00	(1.000000e+01 0.000000e+00 0.000000e+00)
0.203607      	-5.863912e-01	(1.000000e+01 0.000000e+00 0.000000e+00)
0.203763      	7.153375e-01	(1.000000e+01 0.000000e+00 0.000000e+00)
0.203919      	-1.025953e+00	(1.000000e+01 0.000000e+00 0.000000e+00)
0.204079      	1.335026e+00	(1.000000e+01 0.000000e+00 0.000000e+00)
0.204239      	-4.739759e-01	(1.000000e+01 0.000000e+00 0.000000e+00)
0.204399      	5.071836e-01	(1.000000e+01 0.000000e+00 0.000000e+00)
0.204559      	-5.406062e-01	(1.000000e+01 0.000000e+00 0.000000e+00)
0.204724      	4.647763e-01	(1.000000e+01 0.000000e+00 0.000000e+00)
0.204889      	-3.234613e-01	(1.000000e+01 0.000000e+00 0.000000e+00)
0.205053      	5.891253e-01	(1.000000e+01 0.000000e+00 0.000000e+00)
0.205218      	-3.319835e-01	(1.000000e+01 0.000000e+00 0.000000e+00)
0.205389      	5.981660e-01	(1.000000e+01 0.000000e+00 0.000000e+00)
0.20556       	-3.785600e-01	(1.000000e+01 0.000000e+00 0.000000e+00)
0.205731      	5.980338e-01	(1.000000e+01 0.000000e+00 0.000000e+00)
0.205901      	-4.361199e-01	(1.000000e+01 0.000000e+00 0.000000e+00)
0.206072      	5.502830e-01	(1.000000e+01 0.000000e+00 0.000000e+00)
0.206243      	-5.078903e-01	(1.000000e+01 0.000000e+00 0.000000e+00)
0.206422      	4.944626e-01	(1.000000e+01 0.000000e+00 0.000000e+00)
0.206601      	-6.415574e-01	(1.000000e+01 0.000000e+00 0.000000e+00)
0.20678       	4.075242e-01	(1.000000e+01 0.000000e+00 0.000000e+00)
0.206959      	-7.664834e-01	(1.000000e+01 0.000000e+00 0.000000e+00)
0.207138      	2.774501e-01	(1.000000e+01 0.000000e+00 0.000000e+00)
0.207316      	-9.053833e-01	(1.000000e+01 0.000000e+00 0.000000e+00)
0.207495      	1.263160e-01	(1.000000e+01 0.000000e+00 0.000000e+00)
0.207674      	-1.064429e+00	(1.000000e+01 0.000000e+00 0.000000e+00)
0.207853      	-1.544906e-02	(1.000000e+01 0.000000e+00 0.000000e+00)
0.208032      	-1.225074e+00	(1.000000e+01 0.000000e+00 0.000000e+00)
0.208211      	-2.018605e-01	(1.000000e+01 0.000000e+00 0.000000e+00)
0.20839       	-1.398515e+00	(1.000000e+01 0.000000e+00 0.000000e+00)
0.208569      	-3.993788e-01	(1.000000e+01 0.000000e+00 0.000000e+00)
0.208748      	-1.579935e+00	(1.000000e+01 0.000000e+00 0.000000e+00)
0.208927      	-5.765409e-01	(1.000000e+01 0.000000e+00 0.000000e+00)
0.209105      	-1.761055e+00	(1.000000e+01 0.000000e+00 0.000000e+00)
0.209284      	-7.380827e-01	(1.000000e+01 0.000000e+00 0.000000e+00)
0.209463      	-1.938862e+00	(1.000000e+01 0.000000e+00 0.000000e+00)
0.209642      	-9.111450e-01	(1.000000e+01 0.000000e+00 0.000000e+00)
0.209821      	-1.720561e+00	(1.000000e+01 0.000000e+00 0.000000e+00)
0.21          	-1.604135e+00	(1.000000e+01 0.000000e+00 0.000000e+00)
0.210196      	-8.835945e+03	(1.000000e+00 0.000000e+00 0.000000e+00)
0.210257      	2.764915e+02	(1.000000e+00 0.000000e+00 0.000000e+00)
0.210325      	-6.095614e+01	(1.000000e+00 0.000000e+00 0.000000e+00)
0.210398      	3.611521e+00	(1.000000e+00 0.000000e+00 0.000000e+00)
0.210476      	-1.044577e+00	(1.000000e+00 0.000000e+00 0.000000e+00)
0.210561      	2.302527e+00	(1.000000e+00 0.000000e+00 0.000000e+00)
0.210657      	1.470247e+00	(1.000000e+00 0.000000e+00 0.000000e+00)
0.210763      	2.467036e+00	(1.000000e+00 0.000000e+00 0.000000e+00)
0.21088       	2.216975e+00	(1.000000e+00 0.000000e+00 0.000000e+00)
0.211008      	2.712259e+00	(1.000000e+00 0.000000e+00 0.000000e+00)
0.211151      	2.215416e+00	(1.000000e+00 0.000000e+00 0.000000e+00)
0.211309      	2.656671e+00	(1.000000e+00 0.000000e+00 0.000000e+00)
0.211483      	1.651961e+00	(1.000000e+00 0.000000e+00 0.000000e+00)
0.211664      	2.328680e+00	(1.000000e+00 0.000000e+00 0.000000e+00)
0.211854      	6.803976e-01	(1.000000e+00 0.000000e+00 0.000000e+00)
0.212052      	1.870656e+00	(1.000000e+00 0.000000e+00 0.000000e+00)
0.212256      	-1.870616e-01	(1.000000e+00 0.000000e+00 0.000000e+00)
0.21246       	7.136912e-01	(1.000000e+00 0.000000e+00 0.000000e+00)
0.212664      	-2.780352e-01	(1.000000e+00 0.000000e+00 0.000000e+00)
0.212867      	4.233673e-01	(1.000000e+00 0.000000e+00 0.000000e+00)
0.213071      	-1.178956e+00	(1.000000e+00 0.000000e+00 0.000000e+00)
0.213275      	-4.459681e-01	(1.000000e+00 0.000000e+00 0.000000e+00)
0.213479      	-1.110579e+00	(1.000000e+00 0.000000e+00 0.000000e+00)
0.213683      	-8.489441e-01	(1.000000e+00 0.000000e+00 0.000000e+00)
0.213886      	-1.504530e+00	(1.000000e+00 0.000000e+00 0.000000e+00)
0.21409       	-1.167786e+00	(1.000000e+00 0.000000e+00 0.000000e+00)
0.214294      	-1.771502e+00	(1.000000e+00 0.000000e+00 0.000000e+00)
0.214498      	-1.393020e+00	(1.000000e+00 0.000000e+00 0.000000e+00)
0.214702      	-1.956175e+00	(1.000000e+00 0.000000e+00 0.000000e+00)
0.214905      	-1.533069e+00	(1.000000e+00 0.000000e+00 0.000000e+00)
0.215109      	-2.071392e+00	(1.000000e+00 0.000000e+00 0.000000e+00)
0.215322      	-1.611126e+00	(1.000000e+00 0.000000e+00 0.000000e+00)
0.215534      	-2.113908e+00	(1.000000e+00 0.000000e+00 0.000000e+00)
0.215747      	-1.632923e+00	(1.000000e+00 0.000000e+00 0.000000e+00)
0.21596       	-2.078897e+00	(1.000000e+00 0.000000e+00 0.000000e+00)
0.216172      	-1.607729e+00	(1.000000e+00 0.000000e+00 0.000000e+00)
0.216385      	-1.975228e+00	(1.000000e+00 0.000000e+00 0.000000e+00)
0.216598      	-1.439360e+00	(1.000000e+00 0.000000e+00 0.000000e+00)
0.216824      	-2.084997e+00	(1.000000e+00 0.000000e+00 0.000000e+00)
0.217051      	-1.379754e+00	(1.000000e+00 0.000000e+00 0.000000e+00)
0.217278      	-1.670792e+00	(1.000000e+00 0.000000e+00 0.000000e+00)
0.217505      	-1.084727e+00	(1.000000e+00 0.000000e+00 0.000000e+00)
0.217732      	-1.665456e+00	(1.000000e+00 0.000000e+00 0.000000e+00)
0.217959      	-7.465838e-01	(1.000000e+00 0.000000e+00 0.000000e+00)
0.218185      	-1.495564e+00	(1.000000e+00 0.000000e+00 0.000000e+00)
0.218412      	-5.403442e-01	(1.000000e+00 0.000000e+00 0.000000e+00)
0.218639      	-1.231163e+00	(1.000000e+00 0.000000e+00 0.000000e+00)
0.218866      	-3.413201e-01	(1.000000e+00 0.000000e+00 0.000000e+00)
0.219093      	-9.515442e-01	(1.000000e+00 0.000000e+00 0.000000e+00)
0.21932       	-1.455598e-01	(1.000000e+00 0.000000e+00 0.000000e+00)
0.219546      	-6.740779e-01	(1.000000e+00 0.000000e+00 0.000000e+00)
0.219773      	4.165170e-02	(1.000000e+00 0.000000e+00 0.000000e+00)
0.22          	-4.127316e-01	(1.000000e+00 0.000000e+00 0.000000e+00)
0.22025       	2.874486e-01	(1.000000e+00 0.000000e+00 0.000000e+00)
0.220521      	-2.140446e-01	(1.000000e+00 0.000000e+00 0.000000e+00)
0.220808      	6.030052e-01	(1.000000e+00 0.000000e+00 0.000000e+00)
0.221095      	-1.107740e-02	(1.000000e+00 0.000000e+00 0.000000e+00)
0.221392      	8.358845e-01	(1.000000e+00 0.000000e+00 0.000000e+00)
0.2217        	1.996116e-01	(1.000000e+00 0.000000e+00 0.000000e+00)
0.222007      	1.051593e+00	(1.000000e+00 0.000000e+00 0.000000e+00)
0.222327      	3.588073e-01	(1.000000e+00 0.000000e+00 0.000000e+00)
0.22266       	1.282862e+00	(1.000000e+00 0.000000e+00 0.000000e+00)
0.222994      	4.827311e-01	(1.000000e+00 0.000000e+00 0.000000e+00)
0.223344      	1.219009e+00	(1.000000e+00 0.000000e+00 0.000000e+00)
0.223695      	6.975661e-01	(1.000000e+00 0.000000e+00 0.000000e+00)
0.224065      	1.640562e+00	(1.000000e+00 0.000000e+00 0.000000e+00)
0.224436      	9.722211e-01	(1.000000e+00 0.000000e+00 0.000000e+00)
0.224834      	1.754387e+00	(1.000000e+00 0.000000e+00 0.000000e+00)
0.225231      	1.011990e+00	(1.000000e+00 0.000000e+00 0.000000e+00)
0.225665      	1.915962e+00	(1.000000e+00 0.000000e+00 0.000000e+00)
0.226098      	1.021146e+00	(1.000000e+00 0.000000e+00 0.000000e+00)
0.226532      	1.629695e+00	(1.000000e+00 0.000000e+00 0.000000e+00)
0.226965      	9.576074e-01	(1.000000e+00 0.000000e+00 0.000000e+00)
0.227399      	1.552913e+00	(1.000000e+00 0.000000e+00 0.000000e+00)
0.227832      	9.517416e-01	(1.000000e+00 0.000000e+00 0.000000e+00)
0.228266      	1.521073e+00	(1.000000e+00 0.000000e+00 0.000000e+00)
0.228699      	9.040549e-01	(1.000000e+00 0.000000e+00 0.000000e+00)
0.229133      	1.773936e+00	(1.000000e+00 0.000000e+00 0.000000e+00)
0.229566      	9.585042e-01	(1.000000e+00 0.000000e+00 0.000000e+00)
0.23          	1.434066e+00	(1.000000e+00 0.000000e+00 0.000000e+00)
0.230476      	8.645663e-01	(1.000000e+00 0.000000e+00 0.000000e+00)
0.231005      	1.478477e+00	(1.000000e+00 0.000000e+00 0.000000e+00)
0.231567      	7.553516e-01	(1.000000e+00 0.000000e+00 0.000000e+00)
0.23217       	1.536644e+00	(1.000000e+00 0.000000e+00 0.000000e+00)
0.232772      	6.226796e-01	(1.000000e+00 0.000000e+00 0.000000e+00)
0.233374      	1.429117e+00	(1.000000e+00 0.000000e+00 0.000000e+00)
0.233977      	5.889433e-01	(1.000000e+00 0.000000e+00 0.000000e+00)
0.234579      	1.319447e+00	(1.000000e+00 0.000000e+00 0.000000e+00)
0.235181      	5.636363e-01	(1.000000e+00 0.000000e+00 0.000000e+00)
0.235784      	1.213708e+00	(1.000000e+00 0.000000e+00 0.000000e+00)
0.236386      	5.343573e-01	(1.000000e+00 0.000000e+00 0.000000e+00)
0.236988      	1.108415e+00	(1.000000e+00 0.000000e+00 0.000000e+00)
0.237591      	5.128050e-01	(1.000000e+00 0.000000e+00 0.000000e+00)
0.238193      	1.020733e+00	(1.000000e+00 0.000000e+00 0.000000e+00)
0.238795      	4.936248e-01	(1.000000e+00 0.000000e+00 0.000000e+00)
0.239398      	9.444767e-01	(1.000000e+00 0.000000e+00 0.000000e+00)
0.24          	4.773550e-01	(1.000000e+00 0.000000e+00 0.000000e+00)
0.240667      	9.233490e-01	(1.000000e+00 0.000000e+00 0.000000e+00)
0.241385      	4.303588e-01	(1.000000e+00 0.000000e+00 0.000000e+00)
0.242103      	9.422244e-01	(1.000000e+00 0.000000e+00 0.000000e+00)
0.242821      	3.953715e-01	(1.000000e+00 0.000000e+00 0.000000e+00)
0.243538      	8.879148e-01	(1.000000e+00 0.000000e+00 0.000000e+00)
0.244256      	3.779394e-01	(1.000000e+00 0.000000e+00 0.000000e+00)
0.244974      	8.250836e-01	(1.000000e+00 0.000000e+00 0.000000e+00)
0.245692      	3.704791e-01	(1.000000e+00 0.000000e+00 0.000000e+00)
0.24641       	7.710871e-01	(1.000000e+00 0.000000e+00 0.000000e+00)
0.247128      	3.673547e-01	(1.000000e+00 0.000000e+00 0.000000e+00)
0.247846      	7.262110e-01	(1.000000e+00 0.000000e+00 0.000000e+00)
0.248564      	3.696988e-01	(1.000000e+00 0.000000e+00 0.000000e+00)
0.249282      	6.852744e-01	(1.000000e+00 0.000000e+00 0.000000e+00)
0.25          	3.657210e-01	(1.000000e+00 0.000000e+00 0.000000e+00)
