/*--------------------------------*- C++ -*----------------------------------*\
  =========                 |
  \\      /  F ield         | OpenFOAM: The Open Source CFD Toolbox
   \\    /   O peration     | Website:  https://openfoam.org
    \\  /    A nd           | Version:  9
     \\/     M anipulation  |
\*---------------------------------------------------------------------------*/
FoamFile
{
    format      ascii;
    class       volScalarField;
    location    "0.2";
    object      p;
}
// * * * * * * * * * * * * * * * * * * * * * * * * * * * * * * * * * * * * * //

dimensions      [0 2 -2 0 0 0 0];

internalField   nonuniform List<scalar> 
12225
(
1798.81
1784.06
1765.94
1752.23
1740.04
1728.6
1717.77
1707.43
1697.52
1687.94
1678.63
1669.49
1660.44
1651.35
1642.04
1632.25
1621.47
1608.25
1798.56
1783.81
1765.77
1752.14
1739.97
1728.54
1717.71
1707.37
1697.46
1687.88
1678.56
1669.42
1660.37
1651.28
1641.99
1632.23
1621.6
1609.38
1798.74
1783.56
1765.47
1751.96
1739.82
1728.41
1717.58
1707.26
1697.34
1687.77
1678.45
1669.32
1660.27
1651.21
1641.97
1632.35
1622.09
1610.99
1798.77
1783.15
1765.05
1751.66
1739.57
1728.19
1717.39
1707.07
1697.16
1687.59
1678.28
1669.16
1660.14
1651.13
1641.99
1632.58
1622.75
1612.52
1798.4
1782.58
1764.5
1751.26
1739.24
1727.89
1717.11
1706.81
1696.91
1687.35
1678.06
1668.96
1659.98
1651.03
1642.03
1632.85
1623.43
1613.92
1797.7
1781.88
1763.86
1750.76
1738.82
1727.51
1716.76
1706.48
1696.59
1687.05
1677.77
1668.71
1659.78
1650.93
1642.07
1633.12
1624.08
1615.24
1796.8
1781.12
1763.19
1750.19
1738.33
1727.07
1716.35
1706.09
1696.22
1686.7
1677.45
1668.43
1659.57
1650.81
1642.11
1633.4
1624.73
1616.5
1795.79
1780.33
1762.51
1749.59
1737.79
1726.58
1715.89
1705.65
1695.81
1686.31
1677.1
1668.13
1659.34
1650.71
1642.17
1633.69
1625.39
1617.71
1794.75
1779.56
1761.85
1748.96
1737.22
1726.05
1715.39
1705.18
1695.36
1685.89
1676.73
1667.82
1659.12
1650.6
1642.23
1633.99
1626.05
1618.83
1793.73
1778.81
1761.24
1748.35
1736.63
1725.49
1714.85
1704.67
1694.88
1685.44
1676.32
1667.48
1658.88
1650.48
1642.28
1634.27
1626.67
1619.83
1792.73
1778.08
1760.65
1747.74
1736.03
1724.92
1714.31
1704.15
1694.39
1685
1675.93
1667.15
1658.64
1650.38
1642.34
1634.55
1627.24
1620.72
1791.8
1777.31
1760.04
1747.13
1735.42
1724.33
1713.74
1703.61
1693.89
1684.55
1675.54
1666.84
1658.43
1650.29
1642.41
1634.82
1627.76
1621.58
1790.71
1776.47
1759.45
1746.5
1734.8
1723.73
1713.17
1703.08
1693.4
1684.1
1675.15
1666.54
1658.22
1650.21
1642.49
1635.1
1628.28
1622.26
1789.03
1775.41
1758.83
1745.92
1734.24
1723.2
1712.69
1702.63
1693
1683.76
1674.88
1666.35
1658.14
1650.24
1642.67
1635.45
1628.85
1622.92
1787.06
1774.21
1758.17
1745.35
1733.73
1722.74
1712.27
1702.27
1692.7
1683.52
1674.72
1666.27
1658.16
1650.38
1642.93
1635.85
1629.42
1623.52
1784.94
1772.85
1757.4
1744.76
1733.25
1722.35
1711.96
1702.04
1692.54
1683.45
1674.73
1666.37
1658.36
1650.69
1643.34
1636.36
1630.06
1624.12
1782.89
1771.44
1756.54
1744.15
1732.8
1722.02
1711.74
1701.91
1692.51
1683.51
1674.88
1666.62
1658.69
1651.11
1643.84
1636.91
1630.67
1624.67
1781.14
1770.14
1755.69
1743.56
1732.38
1721.75
1711.59
1701.88
1692.58
1683.67
1675.12
1666.93
1659.08
1651.54
1644.31
1637.4
1631.17
1625.06
1780.05
1769.23
1755.02
1743.09
1732.08
1721.58
1711.54
1701.92
1692.7
1683.85
1675.36
1667.21
1659.38
1651.85
1644.61
1637.68
1631.42
1625.2
1780.15
1769.18
1754.92
1743.03
1732.07
1721.61
1711.61
1702.01
1692.8
1683.95
1675.45
1667.27
1659.42
1651.86
1644.58
1637.6
1631.25
1625.01
1780.63
1769.39
1754.96
1743.05
1732.11
1721.67
1711.68
1702.08
1692.86
1684
1675.47
1667.27
1659.38
1651.78
1644.46
1637.43
1631.02
1624.77
1781.27
1769.71
1755.06
1743.13
1732.19
1721.75
1711.75
1702.14
1692.89
1684
1675.44
1667.21
1659.27
1651.63
1644.26
1637.18
1630.69
1624.42
1782.01
1770.08
1755.2
1743.24
1732.3
1721.85
1711.82
1702.18
1692.91
1683.99
1675.39
1667.11
1659.14
1651.45
1644.03
1636.89
1630.3
1624.01
1782.77
1770.45
1755.35
1743.38
1732.43
1721.96
1711.9
1702.24
1692.93
1683.97
1675.34
1667.02
1659
1651.26
1643.78
1636.58
1629.89
1623.56
1783.48
1770.78
1755.52
1743.55
1732.57
1722.07
1711.99
1702.3
1692.96
1683.97
1675.3
1666.94
1658.88
1651.09
1643.56
1636.29
1629.49
1623.11
1784.05
1771.07
1755.7
1743.72
1732.72
1722.19
1712.08
1702.36
1692.99
1683.97
1675.27
1666.88
1658.78
1650.95
1643.37
1636.04
1629.11
1622.66
1784.31
1771.29
1755.89
1743.89
1732.86
1722.3
1712.17
1702.42
1693.03
1683.98
1675.26
1666.84
1658.7
1650.84
1643.22
1635.83
1628.79
1622.22
1784.13
1771.41
1756.05
1744.02
1732.97
1722.39
1712.23
1702.46
1693.05
1683.99
1675.24
1666.81
1658.65
1650.76
1643.11
1635.68
1628.53
1621.8
1783.65
1771.44
1756.16
1744.1
1733.04
1722.44
1712.27
1702.49
1693.07
1683.99
1675.23
1666.78
1658.62
1650.71
1643.04
1635.59
1628.35
1621.43
1783.61
1771.58
1756.25
1744.14
1733.07
1722.47
1712.29
1702.5
1693.07
1683.99
1675.23
1666.77
1658.6
1650.69
1643.02
1635.55
1628.29
1621.2
1445.18
1445.22
1445.23
1445.2
1445.14
1445.02
1444.86
1444.64
1444.36
1443.99
1443.54
1443.01
1442.38
1441.64
1440.8
1439.85
1438.79
1437.63
1436.41
1435.15
1433.87
1432.55
1431.19
1429.78
1428.32
1426.81
1425.23
1423.61
1421.92
1420.18
1418.39
1416.55
1414.67
1412.7
1410.7
1408.76
1406.51
1404.14
1401.89
1399.37
1396.68
1393.97
1391.24
1388.48
1385.68
1382.85
1379.97
1377.05
1374.08
1371.04
1367.96
1364.81
1361.6
1358.32
1354.98
1351.57
1348.1
1344.55
1340.94
1337.26
1333.5
1329.67
1325.77
1321.8
1317.75
1313.63
1309.43
1305.15
1300.8
1296.38
1291.87
1287.3
1282.64
1277.92
1273.11
1268.23
1263.27
1258.24
1253.12
1247.92
1242.65
1237.29
1231.85
1226.33
1220.71
1215
1209.19
1203.28
1197.23
1191.03
1184.66
1178.17
1171.53
1164.75
1157.88
1150.95
1143.98
1136.98
1129.95
1122.92
1115.86
1108.79
1101.7
1094.56
1087.38
1080.15
1072.86
1065.51
1058.1
1050.63
1043.1
1035.51
1027.85
1020.12
1012.31
1004.43
996.445
988.364
980.173
971.858
963.408
954.812
946.069
937.215
928.366
919.318
910.46
902.255
894.173
885.948
877.657
869.274
860.665
852.11
843.07
833.746
824.924
816.331
807.79
799.263
790.739
782.215
773.682
765.136
756.57
747.983
739.374
730.742
722.086
713.407
704.703
695.973
687.213
678.423
669.598
660.737
651.837
642.893
633.902
624.858
615.755
606.587
597.345
588.02
578.598
569.067
559.408
549.602
539.622
529.554
519.628
509.966
500.559
491.401
482.488
473.828
465.443
457.381
449.746
442.819
1445.43
1445.45
1445.44
1445.42
1445.37
1445.27
1445.12
1444.91
1444.62
1444.26
1443.81
1443.27
1442.63
1441.9
1441.06
1440.12
1439.09
1437.98
1436.8
1435.56
1434.28
1432.96
1431.59
1430.18
1428.71
1427.19
1425.62
1423.98
1422.29
1420.55
1418.76
1416.94
1415.08
1413.15
1411.14
1409.13
1406.94
1404.63
1402.28
1399.71
1397.06
1394.35
1391.6
1388.83
1386.02
1383.17
1380.27
1377.33
1374.34
1371.3
1368.19
1365.03
1361.81
1358.52
1355.17
1351.75
1348.27
1344.71
1341.09
1337.4
1333.63
1329.8
1325.89
1321.91
1317.86
1313.73
1309.52
1305.24
1300.88
1296.45
1291.95
1287.37
1282.71
1277.97
1273.17
1268.28
1263.32
1258.28
1253.16
1247.96
1242.68
1237.32
1231.88
1226.35
1220.73
1215.02
1209.21
1203.29
1197.25
1191.04
1184.65
1178.13
1171.47
1164.68
1157.8
1150.89
1143.93
1136.95
1129.93
1122.89
1115.84
1108.76
1101.65
1094.5
1087.31
1080.06
1072.76
1065.4
1057.99
1050.51
1042.97
1035.37
1027.7
1019.96
1012.14
1004.24
996.25
988.161
979.964
971.646
963.198
954.611
945.89
937.05
928.205
919.187
910.419
902.212
894.063
885.806
877.504
869.114
860.516
852.01
842.968
833.679
824.917
816.325
807.801
799.283
790.763
782.24
773.707
765.16
756.593
748.005
739.393
730.758
722.099
713.417
704.709
695.974
687.209
678.413
669.582
660.715
651.807
642.856
633.856
624.805
615.694
606.518
597.269
587.936
578.509
568.974
559.315
549.517
539.581
529.587
519.704
510.048
500.637
491.469
482.542
473.864
465.453
457.349
449.63
442.471
1446.08
1446.09
1446.08
1446.05
1446
1445.91
1445.78
1445.58
1445.3
1444.94
1444.49
1443.95
1443.32
1442.59
1441.77
1440.85
1439.85
1438.77
1437.61
1436.4
1435.13
1433.81
1432.44
1431.01
1429.53
1428
1426.41
1424.77
1423.08
1421.33
1419.53
1417.68
1415.79
1413.83
1411.8
1409.7
1407.52
1405.22
1402.83
1400.33
1397.72
1395.03
1392.29
1389.51
1386.68
1383.81
1380.89
1377.92
1374.91
1371.84
1368.71
1365.52
1362.27
1358.97
1355.59
1352.15
1348.65
1345.08
1341.43
1337.72
1333.94
1330.09
1326.17
1322.17
1318.1
1313.96
1309.75
1305.46
1301.09
1296.65
1292.13
1287.54
1282.88
1278.13
1273.32
1268.42
1263.45
1258.4
1253.27
1248.06
1242.77
1237.39
1231.93
1226.38
1220.74
1215
1209.16
1203.21
1197.13
1190.9
1184.53
1178.01
1171.36
1164.59
1157.74
1150.84
1143.89
1136.91
1129.89
1122.85
1115.79
1108.7
1101.58
1094.41
1087.2
1079.94
1072.62
1065.24
1057.81
1050.32
1042.76
1035.14
1027.45
1019.7
1011.86
1003.95
995.941
987.84
979.635
971.315
962.874
954.305
945.618
936.834
928.018
919.173
910.483
902.115
893.888
885.618
877.287
868.882
860.317
851.681
842.813
833.776
824.949
816.328
807.8
799.29
790.78
782.262
773.733
765.187
756.62
748.032
739.419
730.783
722.122
713.436
704.724
695.984
687.213
678.409
669.57
660.694
651.776
642.814
633.804
624.741
615.618
606.43
597.169
587.827
578.391
568.851
559.192
549.412
539.525
529.601
519.764
510.12
500.704
491.521
482.571
473.859
465.4
457.218
449.354
441.877
1447.14
1447.15
1447.12
1447.08
1447.02
1446.94
1446.8
1446.6
1446.33
1445.98
1445.54
1445.01
1444.38
1443.66
1442.85
1441.96
1440.97
1439.91
1438.78
1437.58
1436.32
1435
1433.62
1432.18
1430.69
1429.15
1427.55
1425.89
1424.18
1422.41
1420.59
1418.72
1416.79
1414.79
1412.72
1410.58
1408.36
1406.05
1403.65
1401.16
1398.58
1395.91
1393.19
1390.4
1387.56
1384.67
1381.73
1378.73
1375.69
1372.59
1369.43
1366.22
1362.94
1359.6
1356.2
1352.74
1349.21
1345.61
1341.95
1338.21
1334.41
1330.54
1326.59
1322.58
1318.49
1314.33
1310.1
1305.79
1301.41
1296.95
1292.42
1287.82
1283.14
1278.38
1273.55
1268.65
1263.66
1258.6
1253.45
1248.22
1242.9
1237.51
1232.02
1226.45
1220.78
1215.01
1209.13
1203.14
1197.02
1190.77
1184.38
1177.86
1171.22
1164.47
1157.64
1150.75
1143.82
1136.84
1129.83
1122.79
1115.72
1108.62
1101.48
1094.29
1087.06
1079.78
1072.44
1065.05
1057.6
1050.09
1042.51
1034.87
1027.16
1019.38
1011.53
1003.59
995.573
987.46
979.247
970.928
962.497
953.953
945.309
936.591
927.847
919.116
910.483
902.039
893.727
885.418
877.054
868.628
860.076
851.411
842.658
833.798
824.997
816.362
807.828
799.324
790.821
782.31
773.784
765.239
756.672
748.083
739.468
730.83
722.166
713.476
704.759
696.012
687.234
678.421
669.572
660.684
651.755
642.779
633.755
624.677
615.541
606.339
597.064
587.71
578.265
568.721
559.069
549.314
539.479
529.619
519.829
510.202
500.782
491.578
482.593
473.831
465.3
457.007
448.956
441.145
1448.65
1448.65
1448.61
1448.56
1448.49
1448.39
1448.25
1448.04
1447.77
1447.41
1446.97
1446.44
1445.81
1445.1
1444.3
1443.41
1442.44
1441.39
1440.27
1439.07
1437.81
1436.48
1435.09
1433.65
1432.14
1430.58
1428.96
1427.28
1425.55
1423.76
1421.91
1420.01
1418.04
1416
1413.89
1411.72
1409.46
1407.13
1404.71
1402.22
1399.64
1396.98
1394.26
1391.47
1388.62
1385.71
1382.75
1379.73
1376.65
1373.52
1370.34
1367.09
1363.78
1360.41
1356.98
1353.49
1349.93
1346.3
1342.61
1338.84
1335.01
1331.11
1327.14
1323.1
1318.99
1314.81
1310.55
1306.22
1301.82
1297.35
1292.8
1288.17
1283.48
1278.7
1273.86
1268.93
1263.92
1258.83
1253.66
1248.41
1243.07
1237.65
1232.14
1226.53
1220.83
1215.03
1209.12
1203.1
1196.95
1190.67
1184.27
1177.74
1171.11
1164.37
1157.56
1150.68
1143.75
1136.78
1129.77
1122.73
1115.65
1108.53
1101.37
1094.17
1086.91
1079.61
1072.25
1064.84
1057.36
1049.83
1042.23
1034.57
1026.84
1019.04
1011.17
1003.21
995.177
987.054
978.836
970.521
962.106
953.594
944.999
936.347
927.679
919.034
910.446
901.967
893.591
885.236
876.843
868.398
859.852
851.209
842.535
833.799
825.06
816.43
807.89
799.388
790.892
782.387
773.863
765.318
756.752
748.161
739.545
730.903
722.235
713.541
704.818
696.064
687.276
678.454
669.593
660.693
651.749
642.759
633.719
624.626
615.473
606.255
596.967
587.601
578.148
568.603
558.962
549.237
539.45
529.645
519.899
510.291
500.864
491.634
482.605
473.78
465.159
456.733
448.478
440.352
1450.67
1450.67
1450.62
1450.55
1450.46
1450.33
1450.17
1449.94
1449.64
1449.27
1448.81
1448.27
1447.64
1446.92
1446.11
1445.22
1444.25
1443.19
1442.06
1440.86
1439.59
1438.25
1436.85
1435.39
1433.86
1432.28
1430.64
1428.94
1427.18
1425.36
1423.48
1421.53
1419.53
1417.46
1415.31
1413.1
1410.82
1408.45
1406.02
1403.5
1400.91
1398.25
1395.52
1392.72
1389.85
1386.93
1383.94
1380.89
1377.79
1374.63
1371.41
1368.13
1364.79
1361.38
1357.92
1354.39
1350.79
1347.13
1343.41
1339.61
1335.75
1331.82
1327.82
1323.75
1319.61
1315.4
1311.12
1306.76
1302.33
1297.83
1293.26
1288.61
1283.89
1279.09
1274.22
1269.27
1264.24
1259.13
1253.93
1248.65
1243.29
1237.83
1232.29
1226.65
1220.92
1215.09
1209.14
1203.09
1196.91
1190.62
1184.2
1177.68
1171.04
1164.31
1157.51
1150.64
1143.71
1136.74
1129.73
1122.68
1115.58
1108.45
1101.26
1094.04
1086.76
1079.43
1072.05
1064.61
1057.12
1049.56
1041.94
1034.26
1026.51
1018.69
1010.79
1002.82
994.777
986.646
978.429
970.123
961.729
953.252
944.706
936.117
927.516
918.932
910.382
901.895
893.48
885.088
876.672
868.213
859.679
851.075
842.459
833.807
825.134
816.524
807.986
799.486
790.996
782.494
773.972
765.429
756.862
748.27
739.651
731.005
722.332
713.632
704.903
696.141
687.344
678.511
669.638
660.724
651.765
642.759
633.703
624.593
615.424
606.191
596.888
587.511
578.052
568.508
558.882
549.186
539.44
529.681
519.973
510.381
500.947
491.687
482.608
473.709
464.985
456.414
447.955
439.55
1453.25
1453.24
1453.17
1453.07
1452.94
1452.79
1452.58
1452.32
1451.99
1451.59
1451.1
1450.53
1449.87
1449.13
1448.3
1447.39
1446.4
1445.33
1444.18
1442.96
1441.67
1440.31
1438.89
1437.4
1435.85
1434.24
1432.57
1430.84
1429.05
1427.2
1425.28
1423.3
1421.26
1419.15
1416.97
1414.72
1412.4
1410.01
1407.55
1405.01
1402.4
1399.72
1396.97
1394.15
1391.26
1388.31
1385.3
1382.23
1379.1
1375.9
1372.65
1369.33
1365.95
1362.51
1359.01
1355.44
1351.81
1348.11
1344.35
1340.52
1336.63
1332.66
1328.63
1324.52
1320.35
1316.11
1311.8
1307.41
1302.95
1298.43
1293.82
1289.15
1284.4
1279.58
1274.68
1269.7
1264.64
1259.5
1254.27
1248.96
1243.57
1238.09
1232.51
1226.84
1221.07
1215.21
1209.23
1203.15
1196.95
1190.64
1184.21
1177.67
1171.04
1164.31
1157.51
1150.64
1143.71
1136.74
1129.71
1122.65
1115.53
1108.38
1101.18
1093.93
1086.62
1079.27
1071.86
1064.4
1056.88
1049.3
1041.66
1033.95
1026.18
1018.34
1010.43
1002.45
994.395
986.261
978.048
969.755
961.385
952.943
944.445
935.912
927.366
918.829
910.311
901.831
893.397
884.981
876.549
868.084
859.567
851.004
842.432
833.838
825.223
816.643
808.114
799.62
791.134
782.635
774.114
765.571
757.004
748.411
739.789
731.138
722.459
713.751
705.015
696.246
687.44
678.595
669.709
660.781
651.807
642.785
633.712
624.585
615.399
606.151
596.835
587.448
577.984
568.444
558.835
549.164
539.451
529.73
520.053
510.474
501.029
491.736
482.601
473.623
464.788
456.069
447.414
438.766
1456.45
1456.41
1456.29
1456.14
1455.96
1455.76
1455.5
1455.19
1454.81
1454.36
1453.83
1453.22
1452.52
1451.74
1450.88
1449.94
1448.91
1447.81
1446.63
1445.38
1444.06
1442.67
1441.22
1439.7
1438.11
1436.47
1434.76
1433
1431.17
1429.28
1427.32
1425.31
1423.22
1421.07
1418.86
1416.57
1414.22
1411.79
1409.3
1406.73
1404.09
1401.39
1398.61
1395.76
1392.85
1389.87
1386.83
1383.73
1380.56
1377.33
1374.04
1370.69
1367.27
1363.8
1360.26
1356.65
1352.98
1349.24
1345.44
1341.58
1337.64
1333.64
1329.57
1325.43
1321.23
1316.95
1312.6
1308.19
1303.7
1299.14
1294.5
1289.8
1285.02
1280.17
1275.24
1270.23
1265.14
1259.97
1254.72
1249.38
1243.95
1238.44
1232.83
1227.13
1221.33
1215.43
1209.42
1203.31
1197.08
1190.75
1184.3
1177.76
1171.12
1164.39
1157.58
1150.7
1143.77
1136.78
1129.74
1122.66
1115.53
1108.35
1101.12
1093.85
1086.52
1079.14
1071.71
1064.22
1056.67
1049.07
1041.4
1033.67
1025.88
1018.03
1010.11
1002.11
994.052
985.918
977.711
969.434
961.087
952.681
944.226
935.739
927.24
918.741
910.253
901.786
893.347
884.918
876.479
868.017
859.518
850.99
842.454
833.903
825.337
816.788
808.273
799.788
791.308
782.81
774.291
765.749
757.181
748.585
739.96
731.304
722.618
713.902
705.158
696.381
687.565
678.708
669.81
660.867
651.877
642.839
633.749
624.606
615.404
606.141
596.813
587.416
577.95
568.416
558.821
549.171
539.484
529.793
520.141
510.57
501.111
491.783
482.59
473.527
464.58
455.714
446.877
438.016
1460.24
1460.15
1459.97
1459.76
1459.52
1459.25
1458.93
1458.56
1458.12
1457.61
1457.02
1456.36
1455.61
1454.77
1453.86
1452.87
1451.8
1450.65
1449.42
1448.13
1446.77
1445.33
1443.84
1442.28
1440.65
1438.97
1437.22
1435.41
1433.53
1431.6
1429.6
1427.54
1425.42
1423.22
1420.97
1418.64
1416.25
1413.79
1411.25
1408.65
1405.98
1403.24
1400.44
1397.56
1394.62
1391.61
1388.53
1385.39
1382.19
1378.93
1375.6
1372.21
1368.75
1365.24
1361.65
1358.01
1354.3
1350.52
1346.68
1342.78
1338.8
1334.77
1330.66
1326.48
1322.24
1317.93
1313.55
1309.1
1304.57
1299.98
1295.32
1290.58
1285.77
1280.89
1275.93
1270.89
1265.77
1260.57
1255.29
1249.92
1244.46
1238.91
1233.27
1227.54
1221.7
1215.77
1209.73
1203.59
1197.34
1190.98
1184.52
1177.96
1171.3
1164.56
1157.74
1150.85
1143.9
1136.9
1129.84
1122.73
1115.58
1108.37
1101.12
1093.82
1086.47
1079.06
1071.6
1064.08
1056.51
1048.88
1041.19
1033.44
1025.64
1017.76
1009.83
1001.83
993.762
985.63
977.432
969.17
960.847
952.472
944.055
935.609
927.148
918.683
910.221
901.77
893.334
884.904
876.465
868.01
859.531
851.033
842.526
834.009
825.482
816.962
808.466
799.992
791.517
783.021
774.503
765.962
757.392
748.794
740.165
731.504
722.81
714.085
705.331
696.546
687.721
678.853
669.941
660.984
651.979
642.924
633.818
624.658
615.44
606.163
596.824
587.42
577.953
568.425
558.84
549.206
539.542
529.875
520.24
510.672
501.197
491.831
482.577
473.43
464.371
455.364
446.357
437.31
1464.55
1464.42
1464.18
1463.91
1463.6
1463.25
1462.87
1462.42
1461.91
1461.33
1460.68
1459.94
1459.12
1458.23
1457.25
1456.19
1455.06
1453.85
1452.57
1451.22
1449.8
1448.31
1446.76
1445.15
1443.47
1441.73
1439.93
1438.07
1436.15
1434.17
1432.12
1430.01
1427.84
1425.6
1423.3
1420.93
1418.49
1415.99
1413.41
1410.77
1408.07
1405.29
1402.44
1399.53
1396.55
1393.51
1390.4
1387.22
1383.98
1380.68
1377.31
1373.88
1370.39
1366.83
1363.21
1359.52
1355.77
1351.95
1348.07
1344.13
1340.12
1336.04
1331.89
1327.68
1323.4
1319.05
1314.63
1310.15
1305.59
1300.97
1296.27
1291.5
1286.66
1281.75
1276.76
1271.69
1266.55
1261.32
1256
1250.6
1245.11
1239.53
1233.86
1228.09
1222.23
1216.26
1210.19
1204.01
1197.74
1191.35
1184.87
1178.28
1171.61
1164.85
1158.01
1151.1
1144.13
1137.1
1130.02
1122.89
1115.71
1108.48
1101.2
1093.86
1086.48
1079.04
1071.55
1064.01
1056.41
1048.76
1041.05
1033.28
1025.45
1017.56
1009.62
1001.61
993.538
985.408
977.219
968.971
960.671
952.324
943.939
935.527
927.099
918.663
910.226
901.792
893.365
884.939
876.507
868.063
859.603
851.13
842.65
834.162
825.665
817.171
808.694
800.232
791.762
783.269
774.753
766.212
757.641
749.04
740.406
731.739
723.038
714.303
705.538
696.743
687.91
679.031
670.106
661.134
652.113
643.043
633.92
624.744
615.512
606.221
596.872
587.463
577.995
568.47
558.892
549.271
539.624
529.975
520.353
510.783
501.29
491.885
482.57
473.338
464.17
455.028
445.866
436.654
1469.35
1469.18
1468.89
1468.56
1468.18
1467.76
1467.3
1466.78
1466.19
1465.53
1464.8
1463.98
1463.09
1462.11
1461.06
1459.93
1458.72
1457.44
1456.08
1454.66
1453.17
1451.62
1450
1448.32
1446.58
1444.78
1442.92
1441
1439.02
1436.98
1434.88
1432.71
1430.48
1428.19
1425.84
1423.42
1420.94
1418.39
1415.77
1413.09
1410.33
1407.52
1404.63
1401.68
1398.66
1395.58
1392.43
1389.21
1385.93
1382.59
1379.18
1375.71
1372.17
1368.57
1364.91
1361.18
1357.39
1353.53
1349.61
1345.63
1341.57
1337.46
1333.27
1329.02
1324.71
1320.32
1315.87
1311.35
1306.76
1302.1
1297.37
1292.57
1287.7
1282.75
1277.74
1272.64
1267.47
1262.21
1256.87
1251.44
1245.92
1240.31
1234.6
1228.8
1222.91
1216.91
1210.81
1204.6
1198.29
1191.88
1185.37
1178.76
1172.06
1165.27
1158.41
1151.48
1144.48
1137.42
1130.31
1123.15
1115.94
1108.67
1101.36
1094
1086.58
1079.11
1071.59
1064.02
1056.39
1048.71
1040.98
1033.19
1025.34
1017.44
1009.48
1001.46
993.389
985.261
977.079
968.845
960.563
952.24
943.883
935.5
927.1
918.69
910.275
901.859
893.444
885.028
876.607
868.177
859.736
851.284
842.826
834.361
825.889
817.418
808.958
800.509
792.045
783.554
775.04
766.498
757.926
749.321
740.683
732.01
723.302
714.557
705.78
696.974
688.132
679.243
670.305
661.319
652.283
643.197
634.058
624.867
615.62
606.317
596.959
587.544
578.073
568.549
558.977
549.366
539.733
530.098
520.482
510.908
501.393
491.948
482.573
473.259
463.985
454.717
445.412
436.05
1474.65
1474.44
1474.1
1473.71
1473.27
1472.78
1472.23
1471.63
1470.96
1470.21
1469.39
1468.48
1467.5
1466.43
1465.29
1464.07
1462.77
1461.4
1459.96
1458.46
1456.89
1455.25
1453.56
1451.8
1449.98
1448.11
1446.18
1444.19
1442.14
1440.03
1437.87
1435.64
1433.35
1431.01
1428.59
1426.12
1423.58
1420.98
1418.31
1415.58
1412.78
1409.92
1406.99
1403.99
1400.93
1397.81
1394.61
1391.36
1388.03
1384.65
1381.2
1377.68
1374.11
1370.47
1366.76
1362.99
1359.16
1355.26
1351.3
1347.27
1343.18
1339.02
1334.8
1330.51
1326.16
1321.74
1317.25
1312.7
1308.07
1303.38
1298.62
1293.79
1288.89
1283.91
1278.87
1273.75
1268.55
1263.26
1257.89
1252.44
1246.89
1241.25
1235.52
1229.69
1223.76
1217.73
1211.6
1205.36
1199.02
1192.58
1186.03
1179.4
1172.67
1165.85
1158.96
1151.99
1144.97
1137.88
1130.73
1123.53
1116.28
1108.98
1101.63
1094.23
1086.78
1079.28
1071.73
1064.12
1056.47
1048.76
1041
1033.18
1025.32
1017.4
1009.42
1001.4
993.323
985.195
977.018
968.795
960.528
952.225
943.89
935.532
927.156
918.768
910.374
901.976
893.576
885.174
876.767
868.351
859.925
851.492
843.053
834.607
826.156
817.705
809.263
800.826
792.369
783.881
775.367
766.825
758.25
749.641
740.998
732.319
723.602
714.848
706.059
697.241
688.39
679.491
670.541
661.541
652.49
643.388
634.235
625.029
615.769
606.454
597.085
587.663
578.188
568.664
559.095
549.493
539.871
530.244
520.631
511.049
501.512
492.027
482.592
473.198
463.823
454.436
445
435.502
1480.46
1480.21
1479.83
1479.38
1478.87
1478.31
1477.68
1476.99
1476.23
1475.38
1474.46
1473.45
1472.37
1471.2
1469.95
1468.63
1467.23
1465.76
1464.22
1462.62
1460.95
1459.22
1457.43
1455.59
1453.68
1451.72
1449.71
1447.64
1445.51
1443.33
1441.09
1438.8
1436.44
1434.03
1431.55
1429.02
1426.42
1423.77
1421.04
1418.26
1415.41
1412.5
1409.52
1406.48
1403.37
1400.19
1396.96
1393.66
1390.29
1386.86
1383.37
1379.81
1376.19
1372.51
1368.76
1364.95
1361.07
1357.13
1353.13
1349.06
1344.93
1340.74
1336.48
1332.15
1327.76
1323.3
1318.78
1314.19
1309.54
1304.82
1300.02
1295.16
1290.23
1285.23
1280.16
1275.01
1269.79
1264.48
1259.08
1253.6
1248.03
1242.37
1236.61
1230.75
1224.79
1218.73
1212.57
1206.3
1199.93
1193.46
1186.88
1180.21
1173.45
1166.6
1159.67
1152.67
1145.6
1138.48
1131.29
1124.05
1116.76
1109.42
1102.03
1094.59
1087.1
1079.56
1071.97
1064.33
1056.65
1048.91
1041.12
1033.28
1025.39
1017.45
1009.47
1001.43
993.346
985.216
977.041
968.825
960.57
952.282
943.966
935.627
927.271
918.903
910.528
902.148
893.766
885.378
876.983
868.58
860.169
851.75
843.326
834.898
826.466
818.033
809.608
801.184
792.736
784.252
775.739
767.195
758.617
750.004
741.354
732.668
723.943
715.179
706.377
697.546
688.683
679.776
670.814
661.801
652.736
643.619
634.451
625.23
615.956
606.629
597.25
587.82
578.339
568.813
559.248
549.653
540.037
530.416
520.803
511.211
501.65
492.125
482.632
473.161
463.692
454.194
444.635
435.012
1486.82
1486.54
1486.11
1485.6
1485.03
1484.39
1483.67
1482.89
1482.02
1481.07
1480.04
1478.92
1477.71
1476.43
1475.07
1473.62
1472.11
1470.52
1468.87
1467.15
1465.37
1463.54
1461.64
1459.69
1457.69
1455.63
1453.52
1451.35
1449.14
1446.87
1444.55
1442.17
1439.74
1437.25
1434.71
1432.11
1429.45
1426.73
1423.95
1421.11
1418.2
1415.24
1412.21
1409.12
1405.96
1402.74
1399.46
1396.11
1392.7
1389.22
1385.69
1382.09
1378.42
1374.7
1370.91
1367.05
1363.14
1359.16
1355.11
1351.01
1346.83
1342.6
1338.3
1333.94
1329.51
1325.02
1320.46
1315.84
1311.16
1306.4
1301.58
1296.69
1291.74
1286.71
1281.61
1276.44
1271.19
1265.86
1260.45
1254.95
1249.35
1243.67
1237.88
1232
1226.02
1219.93
1213.74
1207.44
1201.04
1194.53
1187.92
1181.22
1174.42
1167.53
1160.56
1153.52
1146.41
1139.24
1132.01
1124.73
1117.39
1110.01
1102.57
1095.09
1087.56
1079.97
1072.35
1064.67
1056.94
1049.17
1041.35
1033.49
1025.57
1017.61
1009.61
1001.56
993.465
985.329
977.153
968.939
960.692
952.414
944.111
935.788
927.449
919.098
910.741
902.38
894.012
885.636
877.252
868.859
860.459
852.055
843.647
835.236
826.821
818.405
809.995
801.585
793.145
784.667
776.156
767.612
759.032
750.414
741.758
733.062
724.327
715.552
706.738
697.891
689.017
680.1
671.127
662.1
653.021
643.889
634.706
625.47
616.183
606.843
597.452
588.013
578.527
569
559.437
549.845
540.234
530.616
520.999
511.396
501.811
492.247
482.699
473.155
463.596
453.993
444.321
434.58
1493.78
1493.47
1493.01
1492.44
1491.78
1491.05
1490.24
1489.34
1488.36
1487.28
1486.12
1484.87
1483.54
1482.12
1480.62
1479.05
1477.4
1475.68
1473.89
1472.05
1470.14
1468.17
1466.15
1464.08
1461.96
1459.79
1457.58
1455.31
1453
1450.64
1448.22
1445.76
1443.24
1440.67
1438.05
1435.38
1432.64
1429.86
1427.01
1424.1
1421.14
1418.12
1415.03
1411.89
1408.68
1405.42
1402.09
1398.69
1395.24
1391.72
1388.14
1384.49
1380.79
1377.02
1373.19
1369.3
1365.34
1361.32
1357.23
1353.09
1348.88
1344.6
1340.27
1335.87
1331.41
1326.88
1322.29
1317.64
1312.92
1308.14
1303.29
1298.37
1293.39
1288.33
1283.21
1278.02
1272.75
1267.4
1261.97
1256.45
1250.84
1245.13
1239.33
1233.42
1227.42
1221.31
1215.09
1208.76
1202.33
1195.79
1189.15
1182.41
1175.57
1168.65
1161.64
1154.55
1147.4
1140.18
1132.9
1125.57
1118.19
1110.75
1103.27
1095.74
1088.16
1080.54
1072.87
1065.15
1057.39
1049.58
1041.72
1033.83
1025.89
1017.9
1009.88
1001.81
993.699
985.553
977.37
969.155
960.909
952.637
944.342
936.03
927.703
919.367
911.026
902.677
894.319
885.951
877.573
869.19
860.802
852.412
844.018
835.622
827.223
818.822
810.427
802.029
793.6
785.128
776.62
768.076
759.493
750.872
742.21
733.506
724.761
715.975
707.149
698.287
689.397
680.47
671.487
662.447
653.353
644.207
635.007
625.756
616.454
607.1
597.699
588.251
578.76
569.23
559.666
550.077
540.468
530.849
521.227
511.61
502.001
492.399
482.798
473.186
463.542
453.841
444.061
434.208
1501.68
1501.3
1500.72
1500.04
1499.25
1498.39
1497.44
1496.4
1495.27
1494.05
1492.74
1491.33
1489.84
1488.27
1486.61
1484.88
1483.08
1481.21
1479.28
1477.29
1475.25
1473.14
1470.99
1468.79
1466.55
1464.26
1461.92
1459.54
1457.12
1454.65
1452.14
1449.58
1446.98
1444.32
1441.62
1438.86
1436.05
1433.19
1430.27
1427.3
1424.27
1421.18
1418.04
1414.83
1411.57
1408.25
1404.87
1401.42
1397.92
1394.35
1390.73
1387.04
1383.29
1379.48
1375.61
1371.68
1367.68
1363.63
1359.5
1355.32
1351.07
1346.76
1342.39
1337.95
1333.46
1328.9
1324.28
1319.59
1314.84
1310.03
1305.15
1300.21
1295.2
1290.13
1284.98
1279.76
1274.48
1269.11
1263.66
1258.12
1252.49
1246.77
1240.95
1235.02
1229
1222.86
1216.62
1210.27
1203.81
1197.24
1190.56
1183.79
1176.91
1169.95
1162.9
1155.77
1148.57
1141.31
1133.98
1126.6
1119.17
1111.69
1104.15
1096.57
1088.95
1081.28
1073.56
1065.8
1058
1050.15
1042.26
1034.33
1026.35
1018.34
1010.29
1002.2
994.068
985.906
977.711
969.486
961.236
952.962
944.669
936.362
928.045
919.718
911.383
903.039
894.685
886.321
877.952
869.578
861.201
852.822
844.442
836.06
827.675
819.288
810.906
802.522
794.104
785.638
777.134
768.591
760.007
751.382
742.715
734.004
725.249
716.452
707.614
698.737
689.83
680.89
671.897
662.844
653.735
644.573
635.357
626.091
616.773
607.406
597.993
588.535
579.037
569.503
559.938
550.348
540.739
531.117
521.489
511.858
502.225
492.586
482.935
473.257
463.534
453.741
443.859
433.899
1510.19
1509.7
1508.98
1508.14
1507.2
1506.17
1505.06
1503.86
1502.56
1501.17
1499.68
1498.11
1496.45
1494.71
1492.88
1490.99
1489.02
1486.99
1484.9
1482.76
1480.56
1478.32
1476.02
1473.69
1471.31
1468.9
1466.44
1463.95
1461.41
1458.83
1456.22
1453.56
1450.86
1448.11
1445.32
1442.48
1439.59
1436.65
1433.66
1430.62
1427.53
1424.38
1421.17
1417.91
1414.58
1411.21
1407.77
1404.28
1400.72
1397.11
1393.43
1389.7
1385.91
1382.05
1378.14
1374.16
1370.13
1366.03
1361.86
1357.64
1353.36
1349.01
1344.6
1340.13
1335.6
1331.01
1326.36
1321.64
1316.86
1312.02
1307.12
1302.15
1297.12
1292.02
1286.85
1281.62
1276.31
1270.93
1265.46
1259.91
1254.27
1248.53
1242.69
1236.75
1230.71
1224.55
1218.29
1211.92
1205.43
1198.84
1192.13
1185.32
1178.41
1171.41
1164.31
1157.14
1149.89
1142.58
1135.21
1127.78
1120.29
1112.76
1105.18
1097.55
1089.87
1082.15
1074.39
1066.58
1058.74
1050.85
1042.92
1034.95
1026.94
1018.89
1010.8
1002.68
994.531
986.347
978.135
969.896
961.635
953.356
945.063
936.758
928.441
920.116
911.783
903.44
895.089
886.731
878.369
870.005
861.638
853.271
844.903
836.534
828.163
819.789
811.419
803.049
794.643
786.186
777.686
769.145
760.562
751.934
743.262
734.544
725.781
716.973
708.122
699.23
690.306
681.352
672.349
663.283
654.159
644.981
635.749
626.466
617.133
607.753
598.327
588.859
579.353
569.813
560.245
550.652
541.041
531.416
521.78
512.135
502.478
492.805
483.107
473.369
463.571
453.692
443.713
433.648
1518.46
1517.91
1517.08
1516.1
1515.03
1513.86
1512.59
1511.23
1509.77
1508.21
1506.56
1504.81
1502.98
1501.07
1499.08
1497.02
1494.89
1492.7
1490.45
1488.15
1485.8
1483.41
1480.98
1478.51
1476
1473.46
1470.88
1468.27
1465.62
1462.94
1460.22
1457.46
1454.66
1451.82
1448.95
1446.02
1443.06
1440.04
1436.98
1433.87
1430.71
1427.5
1424.23
1420.91
1417.53
1414.1
1410.61
1407.07
1403.46
1399.8
1396.08
1392.31
1388.47
1384.57
1380.62
1376.6
1372.52
1368.38
1364.18
1359.92
1355.6
1351.21
1346.77
1342.27
1337.7
1333.08
1328.39
1323.64
1318.84
1313.97
1309.04
1304.05
1298.99
1293.87
1288.68
1283.43
1278.1
1272.7
1267.22
1261.66
1256.01
1250.26
1244.41
1238.46
1232.41
1226.24
1219.96
1213.57
1207.07
1200.45
1193.71
1186.87
1179.93
1172.89
1165.75
1158.53
1151.24
1143.88
1136.46
1128.98
1121.44
1113.85
1106.22
1098.54
1090.81
1083.04
1075.23
1067.38
1059.49
1051.55
1043.58
1035.57
1027.53
1019.44
1011.33
1003.18
994.998
986.792
978.56
970.307
962.037
953.752
945.453
937.144
928.827
920.501
912.167
903.827
895.482
887.133
878.781
870.428
862.073
853.719
845.365
837.01
828.654
820.294
811.938
803.582
795.191
786.742
778.249
769.713
761.131
752.502
743.827
735.103
726.332
717.514
708.652
699.746
690.805
681.837
672.824
663.746
654.608
645.414
636.167
626.869
617.521
608.126
598.688
589.21
579.696
570.15
560.577
550.981
541.368
531.738
522.094
512.435
502.758
493.053
483.312
473.518
463.652
453.692
443.621
433.456
1526.45
1525.83
1524.91
1523.83
1522.63
1521.33
1519.92
1518.41
1516.8
1515.07
1513.25
1511.34
1509.33
1507.25
1505.08
1502.85
1500.56
1498.21
1495.8
1493.35
1490.86
1488.33
1485.76
1483.15
1480.52
1477.85
1475.15
1472.42
1469.67
1466.88
1464.06
1461.2
1458.31
1455.39
1452.43
1449.42
1446.38
1443.29
1440.16
1436.98
1433.76
1430.48
1427.16
1423.78
1420.35
1416.86
1413.32
1409.73
1406.08
1402.37
1398.61
1394.79
1390.91
1386.97
1382.97
1378.92
1374.8
1370.62
1366.39
1362.09
1357.73
1353.31
1348.83
1344.29
1339.69
1335.03
1330.32
1325.54
1320.7
1315.81
1310.85
1305.83
1300.75
1295.61
1290.4
1285.13
1279.79
1274.37
1268.88
1263.31
1257.65
1251.89
1246.04
1240.08
1234.01
1227.84
1221.55
1215.14
1208.62
1201.98
1195.23
1188.36
1181.38
1174.3
1167.13
1159.87
1152.53
1145.13
1137.66
1130.13
1122.54
1114.9
1107.22
1099.49
1091.71
1083.89
1076.03
1068.13
1060.19
1052.22
1044.2
1036.16
1028.07
1019.95
1011.8
1003.63
995.422
987.194
978.944
970.675
962.392
954.096
945.791
937.478
929.157
920.831
912.501
904.168
895.833
887.495
879.156
870.817
862.478
854.139
845.802
837.463
829.123
820.78
812.438
804.099
795.723
787.287
778.802
770.272
761.693
753.065
744.387
735.659
726.882
718.055
709.182
700.264
691.308
682.325
673.301
664.213
655.061
645.853
636.592
627.279
617.917
608.509
599.059
589.571
580.048
570.496
560.919
551.321
541.704
532.071
522.42
512.75
503.053
493.321
483.54
473.696
463.768
453.733
443.577
433.315
1534.12
1533.45
1532.44
1531.26
1529.96
1528.53
1526.99
1525.33
1523.55
1521.66
1519.66
1517.57
1515.39
1513.13
1510.8
1508.4
1505.94
1503.43
1500.88
1498.28
1495.65
1492.98
1490.28
1487.55
1484.79
1482.01
1479.2
1476.36
1473.5
1470.61
1467.7
1464.75
1461.77
1458.76
1455.72
1452.64
1449.52
1446.36
1443.16
1439.92
1436.63
1433.3
1429.91
1426.48
1422.99
1419.46
1415.87
1412.22
1408.52
1404.77
1400.96
1397.1
1393.18
1389.2
1385.17
1381.07
1376.92
1372.7
1368.43
1364.09
1359.7
1355.24
1350.73
1346.16
1341.52
1336.83
1332.09
1327.28
1322.41
1317.48
1312.5
1307.45
1302.35
1297.18
1291.95
1286.66
1281.3
1275.88
1270.37
1264.79
1259.12
1253.36
1247.5
1241.54
1235.46
1229.28
1222.99
1216.57
1210.04
1203.38
1196.61
1189.71
1182.71
1175.6
1168.39
1161.09
1153.71
1146.26
1138.75
1131.17
1123.54
1115.86
1108.12
1100.34
1092.52
1084.65
1076.75
1068.8
1060.82
1052.8
1044.75
1036.66
1028.54
1020.39
1012.21
1004
995.773
987.523
979.253
970.967
962.671
954.364
946.05
937.732
929.411
921.088
912.765
904.442
896.119
887.796
879.473
871.151
862.83
854.51
846.191
837.872
829.551
821.226
812.9
804.579
796.222
787.799
779.326
770.803
762.23
753.605
744.927
736.196
727.414
718.581
709.698
700.77
691.8
682.802
673.768
664.671
655.507
646.286
637.011
627.684
618.309
608.889
599.428
589.93
580.4
570.842
561.261
551.66
542.041
532.404
522.748
513.068
503.355
493.599
483.785
473.896
463.912
453.811
443.575
433.221
1541.43
1540.72
1539.65
1538.39
1536.98
1535.43
1533.74
1531.92
1529.97
1527.91
1525.73
1523.46
1521.1
1518.67
1516.17
1513.61
1511
1508.34
1505.65
1502.91
1500.15
1497.35
1494.53
1491.68
1488.81
1485.92
1483.01
1480.07
1477.11
1474.13
1471.12
1468.09
1465.03
1461.93
1458.81
1455.66
1452.47
1449.24
1445.98
1442.67
1439.32
1435.92
1432.48
1428.99
1425.45
1421.86
1418.22
1414.53
1410.79
1406.99
1403.14
1399.23
1395.27
1391.25
1387.18
1383.04
1378.85
1374.6
1370.29
1365.92
1361.49
1357
1352.45
1347.84
1343.18
1338.46
1333.68
1328.84
1323.94
1318.98
1313.96
1308.89
1303.76
1298.57
1293.32
1288
1282.63
1277.18
1271.67
1266.07
1260.39
1254.63
1248.76
1242.8
1236.72
1230.54
1224.24
1217.82
1211.28
1204.61
1197.82
1190.91
1183.88
1176.75
1169.51
1162.17
1154.75
1147.26
1139.7
1132.09
1124.41
1116.68
1108.9
1101.07
1093.2
1085.29
1077.34
1069.36
1061.33
1053.27
1045.18
1037.06
1028.9
1020.72
1012.51
1004.28
996.023
987.751
979.461
971.159
962.848
954.531
946.212
937.892
929.573
921.257
912.944
904.633
896.325
888.02
879.716
871.414
863.115
854.816
846.519
838.222
829.922
821.617
813.31
805.009
796.672
788.266
779.806
771.293
762.727
754.107
745.431
736.7
727.915
719.076
710.186
701.249
692.267
683.254
674.211
665.107
655.932
646.699
637.411
628.072
618.685
609.253
599.782
590.276
580.738
571.175
561.59
551.987
542.366
532.728
523.068
513.381
503.656
493.88
484.038
474.112
464.079
453.917
443.609
433.17
1548.37
1547.65
1546.53
1545.2
1543.69
1542.01
1540.16
1538.17
1536.03
1533.78
1531.42
1528.97
1526.44
1523.84
1521.18
1518.47
1515.72
1512.93
1510.1
1507.24
1504.35
1501.44
1498.51
1495.55
1492.58
1489.58
1486.57
1483.54
1480.49
1477.42
1474.33
1471.21
1468.07
1464.9
1461.71
1458.48
1455.22
1451.93
1448.6
1445.23
1441.82
1438.36
1434.86
1431.32
1427.73
1424.09
1420.4
1416.66
1412.87
1409.02
1405.13
1401.18
1397.18
1393.12
1389
1384.83
1380.6
1376.32
1371.97
1367.56
1363.1
1358.57
1353.99
1349.35
1344.65
1339.89
1335.08
1330.21
1325.28
1320.29
1315.24
1310.14
1304.98
1299.76
1294.48
1289.14
1283.75
1278.28
1272.75
1267.14
1261.45
1255.68
1249.81
1243.84
1237.77
1231.58
1225.28
1218.86
1212.32
1205.65
1198.85
1191.93
1184.88
1177.72
1170.45
1163.09
1155.63
1148.1
1140.5
1132.84
1125.12
1117.35
1109.53
1101.65
1093.74
1085.79
1077.79
1069.77
1061.7
1053.61
1045.48
1037.32
1029.13
1020.92
1012.68
1004.43
996.148
987.854
979.547
971.231
962.91
954.586
946.264
937.945
929.632
921.324
913.023
904.728
896.438
888.153
879.872
871.594
863.319
855.046
846.773
838.501
830.225
821.943
813.656
805.376
797.062
788.675
780.23
771.73
763.173
754.559
745.888
737.158
728.371
719.529
710.634
701.689
692.697
683.672
674.619
665.509
656.325
647.081
637.782
628.431
619.033
609.592
600.111
590.597
581.053
571.486
561.898
552.294
542.673
533.034
523.373
513.681
503.948
494.158
484.294
474.336
464.261
454.047
443.674
433.158
1554.94
1554.25
1553.13
1551.73
1550.09
1548.25
1546.22
1544.03
1541.69
1539.24
1536.7
1534.07
1531.38
1528.63
1525.83
1522.98
1520.1
1517.19
1514.24
1511.27
1508.27
1505.26
1502.22
1499.17
1496.1
1493.01
1489.91
1486.79
1483.66
1480.5
1477.33
1474.14
1470.92
1467.68
1464.41
1461.12
1457.79
1454.43
1451.04
1447.6
1444.13
1440.62
1437.07
1433.47
1429.83
1426.14
1422.4
1418.61
1414.77
1410.88
1406.94
1402.95
1398.9
1394.8
1390.65
1386.44
1382.17
1377.85
1373.47
1369.02
1364.52
1359.96
1355.34
1350.67
1345.94
1341.15
1336.3
1331.39
1326.43
1321.41
1316.33
1311.19
1306
1300.75
1295.44
1290.08
1284.66
1279.17
1273.62
1268
1262.3
1256.52
1250.64
1244.67
1238.6
1232.41
1226.12
1219.7
1213.15
1206.48
1199.68
1192.74
1185.69
1178.51
1171.22
1163.82
1156.34
1148.77
1141.13
1133.42
1125.66
1117.85
1109.98
1102.06
1094.11
1086.11
1078.07
1070.01
1061.9
1053.77
1045.61
1037.42
1029.21
1020.97
1012.71
1004.43
996.129
987.819
979.499
971.173
962.845
954.518
946.196
937.881
929.576
921.28
912.994
904.717
896.449
888.188
879.933
871.682
863.435
855.19
846.945
838.7
830.45
822.194
813.931
805.673
797.382
789.017
780.589
772.104
763.559
754.953
746.287
737.561
728.775
719.931
711.031
702.08
693.08
684.043
674.982
665.867
656.675
647.421
638.113
628.752
619.345
609.894
600.406
590.885
581.336
571.765
562.176
552.571
542.952
533.315
523.655
513.962
504.225
494.425
484.545
474.563
464.455
454.197
443.768
433.182
1561.11
1560.6
1559.5
1558
1556.19
1554.13
1551.87
1549.45
1546.91
1544.27
1541.55
1538.77
1535.93
1533.05
1530.12
1527.16
1524.16
1521.14
1518.09
1515.02
1511.93
1508.82
1505.69
1502.55
1499.4
1496.23
1493.04
1489.84
1486.63
1483.39
1480.15
1476.88
1473.59
1470.28
1466.94
1463.58
1460.19
1456.76
1453.31
1449.82
1446.29
1442.72
1439.11
1435.46
1431.76
1428.02
1424.23
1420.39
1416.5
1412.56
1408.58
1404.54
1400.45
1396.32
1392.12
1387.87
1383.57
1379.21
1374.79
1370.31
1365.77
1361.18
1356.52
1351.81
1347.05
1342.22
1337.34
1332.4
1327.4
1322.34
1317.22
1312.05
1306.82
1301.54
1296.2
1290.81
1285.36
1279.86
1274.29
1268.65
1262.94
1257.15
1251.27
1245.29
1239.22
1233.04
1226.75
1220.33
1213.79
1207.11
1200.31
1193.37
1186.3
1179.1
1171.79
1164.37
1156.85
1149.24
1141.55
1133.81
1126.01
1118.15
1110.23
1102.27
1094.27
1086.23
1078.16
1070.05
1061.92
1053.75
1045.56
1037.34
1029.1
1020.84
1012.56
1004.27
995.955
987.634
979.306
970.974
962.644
954.318
946.001
937.694
929.399
921.118
912.851
904.596
896.353
888.119
879.893
871.673
863.457
855.243
847.029
838.813
830.593
822.364
814.126
805.893
797.627
789.285
780.877
772.407
763.875
755.28
746.622
737.9
729.116
720.271
711.37
702.413
693.407
684.36
675.291
666.172
656.973
647.712
638.395
629.026
619.61
610.152
600.657
591.131
581.578
572.005
562.416
552.813
543.197
533.564
523.908
514.218
504.481
494.678
484.788
474.789
464.656
454.362
443.886
433.24
1566.82
1566.78
1565.7
1563.99
1561.91
1559.57
1557.05
1554.41
1551.67
1548.86
1545.99
1543.07
1540.11
1537.12
1534.08
1531.02
1527.93
1524.82
1521.68
1518.53
1515.35
1512.16
1508.95
1505.73
1502.5
1499.25
1495.99
1492.71
1489.43
1486.12
1482.8
1479.46
1476.1
1472.72
1469.32
1465.89
1462.44
1458.95
1455.43
1451.88
1448.29
1444.67
1441
1437.3
1433.54
1429.75
1425.91
1422.02
1418.08
1414.1
1410.07
1405.99
1401.86
1397.68
1393.44
1389.15
1384.81
1380.41
1375.95
1371.44
1366.86
1362.23
1357.54
1352.79
1347.99
1343.12
1338.2
1333.22
1328.18
1323.09
1317.93
1312.72
1307.46
1302.14
1296.77
1291.35
1285.87
1280.34
1274.76
1269.1
1263.38
1257.58
1251.7
1245.73
1239.66
1233.48
1227.19
1220.78
1214.23
1207.56
1200.75
1193.8
1186.71
1179.5
1172.16
1164.71
1157.15
1149.5
1141.77
1133.97
1126.12
1118.22
1110.26
1102.26
1094.21
1086.13
1078.02
1069.87
1061.7
1053.51
1045.3
1037.06
1028.8
1020.52
1012.23
1003.93
995.609
987.283
978.953
970.622
962.295
953.976
945.667
937.373
929.094
920.833
912.588
904.359
896.144
887.941
879.748
871.562
863.381
855.201
847.021
838.839
830.65
822.451
814.241
806.032
797.793
789.477
781.089
772.637
764.119
755.535
746.885
738.169
729.388
720.544
711.641
702.681
693.669
684.614
675.537
666.413
657.21
647.942
638.617
629.241
619.819
610.355
600.854
591.324
581.769
572.196
562.608
553.009
543.398
533.772
524.124
514.441
504.709
494.908
485.016
475.009
464.859
454.539
444.026
433.329
1571.86
1572.89
1571.67
1569.6
1567.15
1564.49
1561.72
1558.87
1555.97
1553.02
1550.04
1547.02
1543.97
1540.89
1537.78
1534.64
1531.48
1528.29
1525.08
1521.85
1518.6
1515.34
1512.06
1508.77
1505.47
1502.15
1498.82
1495.47
1492.12
1488.74
1485.35
1481.95
1478.52
1475.07
1471.61
1468.11
1464.59
1461.05
1457.47
1453.86
1450.21
1446.52
1442.8
1439.04
1435.23
1431.38
1427.49
1423.55
1419.57
1415.53
1411.45
1407.33
1403.15
1398.92
1394.65
1390.32
1385.93
1381.49
1376.99
1372.44
1367.82
1363.15
1358.42
1353.63
1348.78
1343.88
1338.92
1333.89
1328.81
1323.67
1318.48
1313.23
1307.92
1302.57
1297.17
1291.72
1286.22
1280.67
1275.06
1269.4
1263.67
1257.87
1251.99
1246.02
1239.95
1233.78
1227.49
1221.08
1214.53
1207.85
1201.03
1194.06
1186.95
1179.7
1172.33
1164.83
1157.23
1149.52
1141.74
1133.88
1125.97
1118.01
1110
1101.94
1093.85
1085.73
1077.57
1069.4
1061.2
1052.99
1044.75
1036.5
1028.24
1019.95
1011.66
1003.35
995.039
986.719
978.397
970.076
961.762
953.457
945.167
936.893
928.638
920.403
912.187
903.991
895.812
887.647
879.493
871.347
863.205
855.066
846.924
838.779
830.626
822.46
814.28
806.097
797.886
789.597
781.231
772.797
764.294
755.721
747.079
738.368
729.59
720.746
711.84
702.876
693.859
684.795
675.71
666.58
657.372
648.096
638.765
629.382
619.953
610.483
600.979
591.446
581.89
572.318
562.735
553.142
543.539
533.924
524.287
514.618
504.897
495.106
485.22
475.213
465.056
454.721
444.182
433.445
1576.58
1578.79
1577.25
1574.71
1571.85
1568.9
1565.93
1562.95
1559.94
1556.91
1553.86
1550.78
1547.67
1544.52
1541.35
1538.16
1534.93
1531.69
1528.42
1525.13
1521.82
1518.49
1515.15
1511.79
1508.42
1505.03
1501.63
1498.22
1494.79
1491.35
1487.89
1484.41
1480.92
1477.4
1473.87
1470.31
1466.72
1463.11
1459.46
1455.79
1452.08
1448.33
1444.55
1440.73
1436.86
1432.96
1429.01
1425.01
1420.97
1416.89
1412.76
1408.58
1404.36
1400.08
1395.76
1391.38
1386.95
1382.47
1377.92
1373.32
1368.66
1363.94
1359.17
1354.33
1349.44
1344.49
1339.48
1334.41
1329.28
1324.1
1318.86
1313.57
1308.22
1302.84
1297.4
1291.92
1286.4
1280.83
1275.21
1269.54
1263.81
1258
1252.12
1246.15
1240.09
1233.91
1227.62
1221.2
1214.65
1207.96
1201.11
1194.12
1186.98
1179.69
1172.27
1164.73
1157.07
1149.31
1141.46
1133.54
1125.57
1117.56
1109.5
1101.39
1093.26
1085.1
1076.92
1068.72
1060.5
1052.27
1044.03
1035.77
1027.51
1019.23
1010.94
1002.64
994.34
986.032
977.724
969.419
961.121
952.835
944.565
936.314
928.085
919.877
911.693
903.529
895.385
887.257
879.142
871.036
862.934
854.834
846.732
838.623
830.505
822.372
814.223
806.066
797.882
789.621
781.277
772.861
764.373
755.812
747.179
738.474
729.7
720.858
711.952
702.985
693.963
684.895
675.802
666.669
657.457
648.178
638.841
629.454
620.022
610.549
601.043
591.51
581.957
572.389
562.811
553.226
543.635
534.033
524.411
514.757
505.052
495.275
485.401
475.401
465.247
454.906
444.353
433.587
1586.53
1584.8
1582.73
1579.22
1575.91
1572.76
1569.68
1566.63
1563.58
1560.52
1557.43
1554.32
1551.18
1548
1544.79
1541.55
1538.28
1534.99
1531.67
1528.32
1524.96
1521.57
1518.17
1514.75
1511.31
1507.86
1504.39
1500.91
1497.41
1493.9
1490.37
1486.82
1483.26
1479.67
1476.07
1472.44
1468.78
1465.1
1461.39
1457.65
1453.87
1450.06
1446.22
1442.33
1438.41
1434.44
1430.43
1426.38
1422.28
1418.14
1413.96
1409.73
1405.45
1401.13
1396.75
1392.33
1387.85
1383.31
1378.72
1374.07
1369.36
1364.59
1359.77
1354.89
1349.94
1344.94
1339.89
1334.77
1329.59
1324.36
1319.08
1313.75
1308.37
1302.95
1297.48
1291.98
1286.44
1280.85
1275.22
1269.54
1263.8
1257.99
1252.11
1246.13
1240.06
1233.89
1227.59
1221.16
1214.59
1207.87
1201
1193.97
1186.8
1179.47
1172
1164.4
1156.69
1148.87
1140.97
1132.99
1124.97
1116.9
1108.8
1100.66
1092.49
1084.31
1076.1
1067.89
1059.66
1051.43
1043.18
1034.93
1026.67
1018.4
1010.13
1001.84
993.552
985.26
976.967
968.679
960.4
952.133
943.883
935.654
927.448
919.266
911.11
902.977
894.865
886.772
878.693
870.624
862.56
854.497
846.432
838.359
830.275
822.174
814.055
805.923
797.766
789.533
781.211
772.813
764.34
755.792
747.168
738.471
729.701
720.862
711.956
702.989
693.965
684.893
675.796
666.66
657.448
648.166
638.828
629.439
620.004
610.531
601.026
591.495
581.945
572.383
562.813
553.239
543.661
534.074
524.47
514.835
505.15
495.393
485.537
475.554
465.411
455.077
444.521
433.739
1594.22
1588.93
1586.34
1582.83
1579.39
1576.15
1573.02
1569.95
1566.89
1563.82
1560.73
1557.6
1554.44
1551.24
1548.01
1544.74
1541.43
1538.1
1534.73
1531.34
1527.93
1524.49
1521.03
1517.55
1514.05
1510.53
1507
1503.45
1499.89
1496.31
1492.71
1489.09
1485.45
1481.8
1478.12
1474.42
1470.7
1466.95
1463.17
1459.36
1455.52
1451.64
1447.73
1443.78
1439.79
1435.76
1431.69
1427.58
1423.43
1419.23
1414.99
1410.7
1406.37
1401.99
1397.57
1393.09
1388.56
1383.97
1379.33
1374.63
1369.87
1365.05
1360.18
1355.24
1350.25
1345.2
1340.09
1334.93
1329.71
1324.43
1319.11
1313.74
1308.33
1302.87
1297.38
1291.86
1286.3
1280.7
1275.06
1269.37
1263.62
1257.8
1251.91
1245.93
1239.85
1233.65
1227.34
1220.89
1214.29
1207.54
1200.64
1193.57
1186.35
1178.98
1171.46
1163.81
1156.05
1148.18
1140.22
1132.19
1124.12
1116.02
1107.89
1099.72
1091.53
1083.32
1075.11
1066.89
1058.66
1050.43
1042.2
1033.95
1025.71
1017.45
1009.19
1000.92
992.65
984.374
976.099
967.829
959.568
951.32
943.089
934.881
926.697
918.54
910.409
902.304
894.223
886.162
878.117
870.083
862.054
854.027
845.997
837.957
829.905
821.835
813.742
805.634
797.501
789.295
780.994
772.613
764.155
755.618
747.005
738.314
729.55
720.714
711.81
702.844
693.819
684.745
675.645
666.508
657.296
648.014
638.675
629.285
619.852
610.38
600.877
591.35
581.806
572.253
562.694
553.134
543.573
534.006
524.425
514.815
505.158
495.429
485.603
475.648
465.533
455.221
444.682
433.904
1599.05
1592.86
1589.4
1585.9
1582.43
1579.13
1575.97
1572.89
1569.82
1566.75
1563.66
1560.53
1557.35
1554.14
1550.89
1547.59
1544.26
1540.89
1537.49
1534.05
1530.59
1527.1
1523.59
1520.06
1516.5
1512.93
1509.33
1505.72
1502.09
1498.45
1494.78
1491.1
1487.4
1483.67
1479.93
1476.16
1472.37
1468.55
1464.7
1460.83
1456.92
1452.98
1449
1444.99
1440.94
1436.85
1432.72
1428.55
1424.34
1420.09
1415.79
1411.45
1407.06
1402.63
1398.15
1393.62
1389.04
1384.4
1379.71
1374.95
1370.14
1365.27
1360.35
1355.36
1350.32
1345.22
1340.07
1334.86
1329.59
1324.28
1318.92
1313.51
1308.07
1302.59
1297.08
1291.54
1285.96
1280.35
1274.7
1269
1263.24
1257.41
1251.51
1245.51
1239.41
1233.19
1226.85
1220.37
1213.74
1206.95
1200
1192.89
1185.61
1178.19
1170.62
1162.92
1155.1
1147.18
1139.17
1131.11
1122.99
1114.86
1106.7
1098.52
1090.32
1082.11
1073.9
1065.68
1057.46
1049.25
1041.03
1032.8
1024.58
1016.34
1008.1
999.857
991.606
983.352
975.097
966.847
958.606
950.378
942.168
933.981
925.82
917.686
909.581
901.504
893.452
885.421
877.408
869.407
861.413
853.42
845.423
837.415
829.394
821.352
813.286
805.198
797.088
788.906
780.625
772.26
763.815
755.29
746.685
738.002
729.243
720.411
711.51
702.545
693.521
684.447
675.346
666.209
657
647.719
638.381
628.994
619.564
610.096
600.599
591.08
581.545
572.004
562.46
552.918
543.378
533.837
524.284
514.706
505.084
495.393
485.606
475.692
465.616
455.343
444.837
434.084
1602.61
1596.48
1592.31
1588.66
1585.14
1581.78
1578.57
1575.45
1572.37
1569.29
1566.19
1563.05
1559.87
1556.64
1553.37
1550.06
1546.7
1543.3
1539.86
1536.39
1532.89
1529.36
1525.81
1522.22
1518.62
1514.99
1511.34
1507.68
1503.99
1500.28
1496.56
1492.81
1489.04
1485.26
1481.45
1477.62
1473.76
1469.88
1465.97
1462.03
1458.06
1454.06
1450.02
1445.95
1441.84
1437.69
1433.51
1429.28
1425.01
1420.7
1416.35
1411.95
1407.51
1403.03
1398.5
1393.91
1389.28
1384.59
1379.84
1375.04
1370.18
1365.26
1360.28
1355.24
1350.15
1345.01
1339.81
1334.55
1329.25
1323.9
1318.5
1313.07
1307.6
1302.1
1296.57
1291.02
1285.43
1279.81
1274.15
1268.44
1262.68
1256.84
1250.92
1244.89
1238.77
1232.52
1226.14
1219.62
1212.94
1206.09
1199.08
1191.91
1184.57
1177.08
1169.45
1161.68
1153.8
1145.83
1137.77
1129.66
1121.51
1113.34
1105.17
1096.98
1088.77
1080.57
1072.36
1064.16
1055.97
1047.77
1039.58
1031.39
1023.19
1014.99
1006.78
998.566
990.345
982.12
973.895
965.672
957.458
949.256
941.073
932.912
924.778
916.673
908.598
900.552
892.532
884.536
876.558
868.593
860.635
852.677
844.714
836.74
828.749
820.736
812.696
804.629
796.54
788.381
780.117
771.766
763.333
754.817
746.219
737.541
728.785
719.956
711.056
702.091
693.067
683.993
674.891
665.755
656.548
647.269
637.934
628.551
619.126
609.665
600.177
590.668
581.148
571.623
562.099
552.581
543.069
533.559
524.042
514.504
504.925
495.282
485.546
475.685
465.663
455.444
444.989
434.279
1605.48
1599.65
1595.1
1591.29
1587.69
1584.26
1580.97
1577.79
1574.67
1571.56
1568.44
1565.29
1562.1
1558.86
1555.57
1552.23
1548.85
1545.43
1541.96
1538.46
1534.92
1531.35
1527.75
1524.13
1520.47
1516.8
1513.1
1509.37
1505.63
1501.87
1498.08
1494.28
1490.45
1486.61
1482.74
1478.84
1474.92
1470.98
1467.01
1463.01
1458.97
1454.91
1450.81
1446.68
1442.51
1438.3
1434.06
1429.77
1425.45
1421.08
1416.68
1412.23
1407.73
1403.19
1398.61
1393.97
1389.28
1384.54
1379.74
1374.88
1369.96
1364.99
1359.96
1354.88
1349.74
1344.55
1339.3
1334
1328.66
1323.28
1317.85
1312.39
1306.91
1301.39
1295.86
1290.29
1284.7
1279.08
1273.41
1267.7
1261.92
1256.06
1250.12
1244.06
1237.9
1231.61
1225.18
1218.6
1211.85
1204.94
1197.85
1190.6
1183.19
1175.62
1167.91
1160.07
1152.13
1144.1
1135.99
1127.84
1119.65
1111.46
1103.28
1095.09
1086.9
1078.71
1070.53
1062.36
1054.2
1046.04
1037.89
1029.74
1021.58
1013.42
1005.26
997.082
988.9
980.712
972.521
964.333
956.151
947.981
939.829
931.699
923.596
915.522
907.479
899.466
891.48
883.519
875.576
867.647
859.725
851.802
843.874
835.932
827.971
819.985
811.968
803.921
795.851
787.712
779.464
771.125
762.701
754.192
745.599
736.925
728.173
719.345
710.446
701.483
692.459
683.386
674.285
665.151
655.948
646.673
637.344
627.968
618.551
609.101
599.626
590.132
580.63
571.126
561.628
552.138
542.66
533.187
523.712
514.221
504.693
495.105
485.429
475.632
465.679
455.528
445.142
434.494
1607.87
1602.39
1597.7
1593.76
1590.09
1586.58
1583.22
1579.96
1576.77
1573.61
1570.46
1567.28
1564.06
1560.8
1557.5
1554.14
1550.74
1547.29
1543.79
1540.26
1536.68
1533.08
1529.44
1525.77
1522.07
1518.34
1514.59
1510.82
1507.02
1503.2
1499.36
1495.5
1491.62
1487.71
1483.78
1479.83
1475.85
1471.84
1467.81
1463.74
1459.65
1455.52
1451.37
1447.17
1442.94
1438.68
1434.38
1430.03
1425.65
1421.23
1416.77
1412.26
1407.71
1403.12
1398.47
1393.78
1389.03
1384.24
1379.38
1374.47
1369.5
1364.47
1359.39
1354.26
1349.07
1343.83
1338.54
1333.21
1327.83
1322.42
1316.97
1311.49
1305.99
1300.47
1294.93
1289.36
1283.77
1278.14
1272.47
1266.74
1260.95
1255.06
1249.08
1242.99
1236.78
1230.43
1223.93
1217.27
1210.45
1203.45
1196.27
1188.93
1181.43
1173.77
1165.98
1158.07
1150.06
1141.97
1133.82
1125.64
1117.43
1109.23
1101.05
1092.88
1084.7
1076.55
1068.41
1060.28
1052.17
1044.07
1035.97
1027.87
1019.77
1011.66
1003.55
995.42
987.284
979.14
970.992
962.843
954.699
946.565
938.448
930.353
922.283
914.243
906.234
898.255
890.304
882.378
874.471
866.577
858.689
850.801
842.905
834.994
827.061
819.1
811.106
803.076
795.021
786.898
778.665
770.335
761.918
753.415
744.826
736.155
727.404
718.578
709.681
700.719
691.697
682.626
673.529
664.4
655.202
645.934
636.614
627.248
617.844
608.408
598.949
589.476
579.996
570.519
561.051
551.596
542.156
532.726
523.299
513.86
504.39
494.865
485.258
475.536
465.662
455.595
445.295
434.727
1609.91
1604.75
1600.05
1596.05
1592.32
1588.75
1585.31
1581.97
1578.7
1575.47
1572.26
1569.04
1565.78
1562.49
1559.16
1555.78
1552.35
1548.87
1545.34
1541.78
1538.17
1534.53
1530.85
1527.14
1523.39
1519.62
1515.83
1512
1508.15
1504.28
1500.38
1496.46
1492.52
1488.56
1484.57
1480.55
1476.51
1472.45
1468.35
1464.23
1460.07
1455.89
1451.67
1447.42
1443.13
1438.8
1434.44
1430.04
1425.6
1421.12
1416.6
1412.04
1407.43
1402.78
1398.08
1393.33
1388.53
1383.67
1378.76
1373.79
1368.76
1363.68
1358.55
1353.37
1348.13
1342.85
1337.52
1332.15
1326.75
1321.31
1315.85
1310.36
1304.85
1299.32
1293.78
1288.21
1282.62
1276.98
1271.3
1265.56
1259.74
1253.82
1247.79
1241.64
1235.36
1228.94
1222.36
1215.61
1208.68
1201.58
1194.31
1186.86
1179.26
1171.51
1163.64
1155.65
1147.58
1139.44
1131.26
1123.05
1114.83
1106.63
1098.47
1090.34
1082.21
1074.1
1066.01
1057.95
1049.9
1041.86
1033.83
1025.8
1017.76
1009.72
1001.66
993.592
985.509
977.416
969.314
961.21
953.109
945.016
936.938
928.88
920.847
912.843
904.869
896.926
889.01
881.119
873.247
865.387
857.533
849.678
841.812
833.93
826.023
818.085
810.11
802.095
794.053
785.943
777.72
769.398
760.986
752.485
743.899
735.229
726.48
717.655
708.76
699.8
690.781
681.714
672.623
663.5
654.31
645.053
635.744
626.393
617.005
607.588
598.151
588.702
579.25
569.805
560.372
550.957
541.561
532.18
522.806
513.425
504.018
494.564
485.034
475.396
465.614
455.645
445.446
434.977
1611.69
1606.79
1602.15
1598.13
1594.37
1590.75
1587.24
1583.82
1580.46
1577.15
1573.86
1570.58
1567.27
1563.94
1560.56
1557.15
1553.68
1550.17
1546.62
1543.02
1539.38
1535.69
1531.98
1528.22
1524.44
1520.62
1516.78
1512.9
1509.01
1505.08
1501.13
1497.16
1493.16
1489.13
1485.09
1481.01
1476.91
1472.79
1468.63
1464.45
1460.23
1455.99
1451.71
1447.39
1443.05
1438.66
1434.24
1429.78
1425.29
1420.75
1416.17
1411.55
1406.88
1402.17
1397.41
1392.6
1387.74
1382.82
1377.85
1372.83
1367.75
1362.61
1357.43
1352.2
1346.92
1341.6
1336.24
1330.84
1325.41
1319.96
1314.48
1308.98
1303.47
1297.94
1292.4
1286.83
1281.23
1275.59
1269.89
1264.12
1258.26
1252.29
1246.2
1239.98
1233.61
1227.09
1220.41
1213.56
1206.52
1199.3
1191.91
1184.36
1176.66
1168.82
1160.86
1152.81
1144.68
1136.51
1128.3
1120.08
1111.88
1103.7
1095.58
1087.49
1079.42
1071.38
1063.37
1055.38
1047.41
1039.45
1031.5
1023.54
1015.58
1007.6
999.613
991.606
983.583
975.545
967.497
959.442
951.388
943.339
935.304
927.287
919.294
911.328
903.391
895.484
887.604
879.747
871.91
864.084
856.262
848.437
840.6
832.744
824.86
816.943
808.984
800.982
792.947
784.846
776.632
768.314
759.903
751.404
742.818
734.148
725.4
716.576
707.683
698.726
689.712
680.651
671.568
662.454
653.275
644.031
634.738
625.404
616.036
606.643
597.232
587.813
578.395
568.986
559.595
550.225
540.878
531.551
522.235
512.916
503.579
494.201
484.755
475.21
465.531
455.674
445.594
435.244
1613.24
1608.57
1604
1599.99
1596.21
1592.55
1588.98
1585.48
1582.04
1578.64
1575.27
1571.9
1568.53
1565.14
1561.71
1558.25
1554.75
1551.2
1547.6
1543.97
1540.29
1536.57
1532.81
1529.02
1525.19
1521.33
1517.44
1513.51
1509.56
1505.59
1501.59
1497.56
1493.5
1489.42
1485.32
1481.19
1477.03
1472.84
1468.63
1464.38
1460.11
1455.8
1451.46
1447.09
1442.68
1438.24
1433.76
1429.24
1424.68
1420.09
1415.45
1410.77
1406.04
1401.27
1396.45
1391.58
1386.65
1381.68
1376.65
1371.57
1366.43
1361.25
1356.02
1350.74
1345.43
1340.07
1334.68
1329.26
1323.81
1318.34
1312.86
1307.36
1301.85
1296.32
1290.77
1285.2
1279.59
1273.93
1268.2
1262.38
1256.46
1250.43
1244.26
1237.95
1231.48
1224.85
1218.06
1211.08
1203.92
1196.58
1189.07
1181.41
1173.6
1165.67
1157.65
1149.54
1141.37
1133.18
1124.97
1116.76
1108.59
1100.45
1092.39
1084.37
1076.38
1068.42
1060.5
1052.6
1044.72
1036.85
1028.98
1021.11
1013.23
1005.33
997.41
989.471
981.512
973.535
965.543
957.543
949.539
941.54
933.55
925.578
917.627
909.701
901.803
893.933
886.09
878.268
870.464
862.671
854.88
847.083
839.272
831.439
823.576
815.675
807.729
799.736
791.707
783.61
775.401
767.083
758.672
750.171
741.583
732.913
724.164
715.341
706.451
697.498
688.49
679.437
670.365
661.263
652.097
642.87
633.596
624.284
614.942
605.577
596.198
586.813
577.434
568.068
558.723
549.404
540.112
530.842
521.589
512.338
503.074
493.777
484.421
474.978
465.411
455.68
445.735
435.525
1614.56
1610.08
1605.58
1601.6
1597.81
1594.11
1590.49
1586.93
1583.41
1579.92
1576.46
1573.01
1569.55
1566.09
1562.6
1559.08
1555.52
1551.92
1548.29
1544.61
1540.89
1537.12
1533.32
1529.49
1525.62
1521.71
1517.77
1513.8
1509.8
1505.78
1501.72
1497.64
1493.53
1489.4
1485.23
1481.05
1476.83
1472.59
1468.31
1464.01
1459.67
1455.31
1450.91
1446.48
1442.01
1437.51
1432.97
1428.39
1423.77
1419.11
1414.41
1409.67
1404.88
1400.05
1395.17
1390.24
1385.25
1380.22
1375.13
1370
1364.81
1359.58
1354.3
1348.99
1343.63
1338.25
1332.83
1327.39
1321.93
1316.45
1310.96
1305.46
1299.94
1294.41
1288.86
1283.28
1277.65
1271.95
1266.17
1260.3
1254.31
1248.2
1241.93
1235.51
1228.93
1222.18
1215.26
1208.16
1200.87
1193.41
1185.79
1178.02
1170.12
1162.12
1154.03
1145.89
1137.7
1129.5
1121.31
1113.14
1105.01
1096.94
1088.95
1081.02
1073.12
1065.26
1057.43
1049.63
1041.85
1034.07
1026.3
1018.52
1010.72
1002.9
995.059
987.192
979.301
971.388
963.458
955.515
947.567
939.62
931.68
923.755
915.85
907.967
900.11
892.279
884.472
876.685
868.914
861.151
853.388
845.617
837.83
830.017
822.17
814.282
806.346
798.358
790.329
782.233
774.024
765.704
757.289
748.784
740.194
731.521
722.772
713.951
705.064
696.117
687.117
678.074
669.015
659.929
650.78
641.572
632.322
623.037
613.725
604.393
595.05
585.707
576.372
567.054
557.761
548.498
539.264
530.058
520.87
511.69
502.503
493.291
484.031
474.696
465.251
455.657
445.865
435.818
1615.64
1611.32
1606.91
1602.95
1599.16
1595.43
1591.76
1588.14
1584.54
1580.98
1577.43
1573.89
1570.35
1566.8
1563.23
1559.64
1556.03
1552.37
1548.68
1544.95
1541.18
1537.38
1533.53
1529.65
1525.73
1521.78
1517.79
1513.78
1509.73
1505.65
1501.55
1497.41
1493.25
1489.06
1484.84
1480.6
1476.33
1472.02
1467.69
1463.33
1458.94
1454.51
1450.05
1445.56
1441.03
1436.47
1431.87
1427.23
1422.55
1417.83
1413.07
1408.27
1403.42
1398.52
1393.58
1388.59
1383.54
1378.45
1373.31
1368.12
1362.88
1357.61
1352.29
1346.94
1341.55
1336.14
1330.7
1325.24
1319.77
1314.28
1308.78
1303.27
1297.74
1292.2
1286.62
1281.01
1275.34
1269.58
1263.74
1257.78
1251.7
1245.47
1239.09
1232.54
1225.83
1218.94
1211.88
1204.64
1197.23
1189.65
1181.92
1174.07
1166.1
1158.04
1149.92
1141.76
1133.58
1125.41
1117.26
1109.16
1101.11
1093.12
1085.23
1077.4
1069.62
1061.87
1054.15
1046.47
1038.79
1031.12
1023.45
1015.76
1008.06
1000.32
992.562
984.772
976.953
969.109
961.244
953.364
945.476
937.585
929.701
921.828
913.971
906.135
898.322
890.531
882.762
875.011
867.272
859.539
851.803
844.056
836.289
828.493
820.659
812.779
804.848
796.861
788.829
780.728
772.515
764.188
755.766
747.255
738.659
729.983
721.232
712.412
703.529
694.588
685.598
676.568
667.525
658.456
649.326
640.143
630.92
621.666
612.389
603.095
593.795
584.497
575.212
565.948
556.713
547.51
538.34
529.199
520.081
510.975
501.868
492.744
483.583
474.36
465.046
455.601
445.979
436.121
1616.76
1612.49
1608.13
1604.18
1600.37
1596.6
1592.88
1589.19
1585.52
1581.87
1578.23
1574.6
1570.97
1567.34
1563.69
1560.03
1556.34
1552.62
1548.87
1545.09
1541.27
1537.41
1533.52
1529.59
1525.63
1521.63
1517.6
1513.54
1509.44
1505.32
1501.16
1496.98
1492.77
1488.52
1484.25
1479.96
1475.63
1471.27
1466.88
1462.46
1458.01
1453.52
1449
1444.45
1439.86
1435.24
1430.57
1425.87
1421.13
1416.35
1411.52
1406.66
1401.74
1396.78
1391.78
1386.73
1381.62
1376.48
1371.28
1366.04
1360.76
1355.44
1350.09
1344.7
1339.29
1333.85
1328.39
1322.92
1317.42
1311.92
1306.4
1300.86
1295.3
1289.71
1284.09
1278.41
1272.65
1266.8
1260.85
1254.77
1248.55
1242.18
1235.65
1228.95
1222.08
1215.05
1207.85
1200.48
1192.94
1185.26
1177.44
1169.52
1161.51
1153.43
1145.31
1137.18
1129.05
1120.95
1112.89
1104.88
1096.94
1089.08
1081.31
1073.61
1065.96
1058.33
1050.74
1043.18
1035.62
1028.06
1020.49
1012.9
1005.29
997.642
989.964
982.252
974.509
966.736
958.94
951.126
943.301
935.472
927.646
919.828
912.024
904.238
896.47
888.722
880.992
873.276
865.569
857.864
850.152
842.426
834.676
826.892
819.066
811.19
803.258
795.267
787.225
779.115
770.892
762.554
754.12
745.599
736.995
728.313
719.559
710.74
701.86
692.927
683.947
674.931
665.906
656.857
647.749
638.592
629.401
620.182
610.944
601.693
592.44
583.193
573.962
564.757
555.584
546.445
537.342
528.27
519.223
510.192
501.166
492.131
483.072
473.965
464.787
455.501
446.067
436.425
1617.77
1613.64
1609.24
1605.28
1601.43
1597.61
1593.82
1590.06
1586.31
1582.57
1578.85
1575.12
1571.4
1567.68
1563.94
1560.2
1556.43
1552.64
1548.82
1544.98
1541.1
1537.19
1533.25
1529.27
1525.26
1521.22
1517.14
1513.03
1508.89
1504.71
1500.51
1496.27
1492.01
1487.72
1483.39
1479.04
1474.65
1470.24
1465.79
1461.31
1456.8
1452.25
1447.67
1443.06
1438.41
1433.72
1428.99
1424.22
1419.42
1414.57
1409.68
1404.74
1399.77
1394.74
1389.68
1384.56
1379.41
1374.2
1368.96
1363.67
1358.35
1352.99
1347.61
1342.19
1336.75
1331.28
1325.8
1320.3
1314.78
1309.24
1303.68
1298.1
1292.48
1286.83
1281.12
1275.35
1269.48
1263.5
1257.4
1251.18
1244.8
1238.27
1231.57
1224.71
1217.68
1210.5
1203.17
1195.68
1188.04
1180.28
1172.41
1164.46
1156.44
1148.38
1140.31
1132.24
1124.19
1116.19
1108.25
1100.37
1092.57
1084.85
1077.21
1069.66
1062.14
1054.66
1047.2
1039.75
1032.31
1024.86
1017.39
1009.9
1002.38
994.82
987.226
979.595
971.929
964.231
956.508
948.765
941.008
933.245
925.482
917.725
909.979
902.246
894.528
886.825
879.136
871.456
863.781
856.103
848.415
840.707
832.97
825.195
817.373
809.496
801.559
793.559
785.504
777.377
769.139
760.785
752.337
743.802
735.188
726.499
717.742
708.922
700.047
691.122
682.154
673.156
664.151
655.124
646.041
636.915
627.759
618.58
609.386
600.183
590.982
581.792
572.622
563.481
554.374
545.304
536.271
527.27
518.296
509.341
500.397
491.453
482.495
473.506
464.467
455.35
446.119
436.724
1618.54
1614.49
1609.99
1605.98
1602.08
1598.2
1594.34
1590.5
1586.67
1582.85
1579.03
1575.22
1571.4
1567.58
1563.76
1559.92
1556.06
1552.19
1548.3
1544.38
1540.44
1536.46
1532.46
1528.43
1524.36
1520.26
1516.13
1511.97
1507.77
1503.55
1499.29
1495
1490.68
1486.33
1481.95
1477.54
1473.09
1468.62
1464.11
1459.57
1454.99
1450.38
1445.74
1441.06
1436.34
1431.58
1426.79
1421.96
1417.08
1412.17
1407.21
1402.21
1397.17
1392.09
1386.96
1381.79
1376.58
1371.33
1366.03
1360.71
1355.34
1349.95
1344.53
1339.08
1333.61
1328.11
1322.6
1317.06
1311.5
1305.91
1300.3
1294.65
1288.96
1283.21
1277.4
1271.5
1265.49
1259.37
1253.12
1246.73
1240.2
1233.5
1226.65
1219.65
1212.48
1205.18
1197.75
1190.18
1182.49
1174.69
1166.81
1158.87
1150.89
1142.89
1134.9
1126.94
1119.01
1111.14
1103.34
1095.61
1087.95
1080.38
1072.9
1065.48
1058.1
1050.75
1043.41
1036.08
1028.75
1021.4
1014.03
1006.63
999.203
991.735
984.227
976.681
969.098
961.483
953.841
946.177
938.498
930.811
923.121
915.434
907.753
900.082
892.421
884.769
877.125
869.485
861.844
854.194
846.529
838.838
831.113
823.344
815.522
807.64
799.694
791.68
783.607
775.46
767.202
758.83
750.364
741.815
733.19
724.494
715.735
706.918
698.05
689.137
680.187
671.21
662.23
653.23
644.179
635.09
625.976
616.843
607.7
598.553
589.411
580.285
571.183
562.112
553.078
544.082
535.122
526.195
517.296
508.419
499.557
490.704
481.848
472.978
464.08
455.137
446.125
437.008
1619.15
1615.08
1610.42
1606.31
1602.33
1598.36
1594.42
1590.48
1586.56
1582.64
1578.73
1574.82
1570.91
1566.99
1563.06
1559.12
1555.18
1551.21
1547.23
1543.23
1539.2
1535.15
1531.08
1526.97
1522.84
1518.68
1514.49
1510.26
1506.01
1501.72
1497.41
1493.06
1488.68
1484.27
1479.83
1475.35
1470.84
1466.3
1461.73
1457.12
1452.48
1447.8
1443.09
1438.34
1433.55
1428.73
1423.87
1418.97
1414.02
1409.04
1404.02
1398.96
1393.85
1388.71
1383.52
1378.3
1373.04
1367.73
1362.4
1357.02
1351.62
1346.19
1340.73
1335.24
1329.73
1324.2
1318.63
1313.04
1307.43
1301.77
1296.08
1290.34
1284.55
1278.7
1272.76
1266.72
1260.57
1254.3
1247.9
1241.36
1234.67
1227.84
1220.87
1213.75
1206.49
1199.12
1191.63
1184.03
1176.33
1168.55
1160.71
1152.83
1144.93
1137.04
1129.17
1121.34
1113.55
1105.83
1098.18
1090.6
1083.1
1075.67
1068.33
1061.05
1053.8
1046.56
1039.34
1032.11
1024.88
1017.63
1010.36
1003.06
995.719
988.343
980.928
973.474
965.984
958.462
950.911
943.339
935.75
928.151
920.547
912.941
905.338
897.738
890.142
882.55
874.958
867.362
859.758
852.138
844.496
836.822
829.106
821.34
813.515
805.624
797.664
789.633
781.538
773.367
765.085
756.691
748.207
739.643
731.008
722.308
713.549
704.738
695.882
686.987
678.058
669.11
660.161
651.194
642.181
633.136
624.072
614.993
605.909
596.825
587.751
578.696
569.669
560.675
551.719
542.801
533.918
525.068
516.245
507.446
498.666
489.902
481.146
472.393
463.637
454.871
446.087
437.276
1619.68
1615.51
1610.6
1606.34
1602.22
1598.14
1594.07
1590.02
1585.98
1581.95
1577.93
1573.91
1569.89
1565.86
1561.83
1557.79
1553.74
1549.67
1545.59
1541.5
1537.38
1533.25
1529.09
1524.91
1520.7
1516.47
1512.2
1507.91
1503.59
1499.24
1494.86
1490.45
1486
1481.53
1477.02
1472.48
1467.9
1463.3
1458.65
1453.98
1449.26
1444.52
1439.73
1434.91
1430.05
1425.16
1420.22
1415.25
1410.24
1405.19
1400.1
1394.98
1389.81
1384.61
1379.36
1374.08
1368.77
1363.42
1358.03
1352.61
1347.17
1341.69
1336.18
1330.65
1325.08
1319.49
1313.86
1308.2
1302.5
1296.76
1290.96
1285.12
1279.2
1273.21
1267.13
1260.94
1254.64
1248.21
1241.67
1234.99
1228.18
1221.24
1214.17
1206.98
1199.68
1192.28
1184.78
1177.19
1169.53
1161.82
1154.07
1146.3
1138.53
1130.78
1123.06
1115.39
1107.77
1100.22
1092.73
1085.32
1077.97
1070.7
1063.49
1056.34
1049.22
1042.1
1034.98
1027.86
1020.73
1013.59
1006.41
999.208
991.97
984.694
977.381
970.03
962.645
955.228
947.784
940.317
932.832
925.335
917.829
910.318
902.803
895.286
887.765
880.24
872.706
865.161
857.599
850.013
842.395
834.738
827.032
819.267
811.437
803.535
795.558
787.506
779.388
771.189
762.879
754.463
745.96
737.384
728.741
720.038
711.283
702.483
693.643
684.77
675.87
666.955
658.043
649.114
640.146
631.152
622.143
613.125
604.105
595.091
586.09
577.112
568.164
559.25
550.375
541.536
532.73
523.955
515.207
506.483
497.783
489.104
480.443
471.8
463.18
454.587
446.033
437.543
1620.1
1615.75
1610.56
1606.08
1601.78
1597.53
1593.3
1589.1
1584.92
1580.76
1576.61
1572.47
1568.33
1564.19
1560.05
1555.9
1551.74
1547.57
1543.39
1539.2
1534.99
1530.76
1526.51
1522.24
1517.95
1513.63
1509.3
1504.93
1500.54
1496.11
1491.66
1487.18
1482.67
1478.12
1473.55
1468.94
1464.29
1459.61
1454.9
1450.15
1445.37
1440.55
1435.69
1430.8
1425.87
1420.9
1415.9
1410.86
1405.78
1400.66
1395.51
1390.32
1385.09
1379.83
1374.53
1369.19
1363.82
1358.41
1352.97
1347.5
1342
1336.46
1330.9
1325.29
1319.66
1313.99
1308.27
1302.52
1296.72
1290.86
1284.95
1278.97
1272.92
1266.78
1260.55
1254.21
1247.77
1241.21
1234.55
1227.76
1220.86
1213.85
1206.73
1199.51
1192.21
1184.83
1177.38
1169.86
1162.29
1154.68
1147.06
1139.44
1131.84
1124.26
1116.72
1109.23
1101.79
1094.42
1087.1
1079.86
1072.67
1065.55
1058.48
1051.46
1044.45
1037.44
1030.44
1023.43
1016.4
1009.36
1002.29
995.19
988.059
980.894
973.694
966.459
959.191
951.892
944.566
937.217
929.849
922.465
915.069
907.663
900.247
892.821
885.383
877.932
870.463
862.973
855.456
847.907
840.317
832.678
824.981
817.218
809.383
801.469
793.475
785.404
777.262
769.035
760.697
752.259
743.742
735.155
726.507
717.806
709.06
700.274
691.456
682.611
673.744
664.867
655.995
647.111
638.193
629.254
620.305
611.352
602.4
593.458
584.533
575.633
566.764
557.93
549.133
540.371
531.639
522.934
514.256
505.603
496.975
488.373
479.798
471.256
462.762
454.334
446.001
437.825
1620.34
1615.78
1610.28
1605.56
1601.04
1596.58
1592.17
1587.79
1583.45
1579.13
1574.84
1570.56
1566.29
1562.03
1557.77
1553.5
1549.24
1544.96
1540.68
1536.38
1532.07
1527.75
1523.41
1519.05
1514.67
1510.27
1505.85
1501.4
1496.93
1492.43
1487.9
1483.35
1478.76
1474.15
1469.5
1464.82
1460.1
1455.36
1450.57
1445.76
1440.9
1436.01
1431.09
1426.13
1421.13
1416.09
1411.02
1405.91
1400.76
1395.58
1390.36
1385.11
1379.82
1374.49
1369.13
1363.74
1358.3
1352.84
1347.34
1341.8
1336.23
1330.62
1324.98
1319.29
1313.57
1307.8
1301.99
1296.13
1290.21
1284.24
1278.2
1272.1
1265.92
1259.65
1253.29
1246.84
1240.29
1233.64
1226.9
1220.05
1213.11
1206.08
1198.97
1191.78
1184.53
1177.21
1169.84
1162.42
1154.98
1147.52
1140.06
1132.6
1125.17
1117.76
1110.4
1103.09
1095.83
1088.62
1081.47
1074.37
1067.33
1060.34
1053.4
1046.5
1039.6
1032.7
1025.8
1018.9
1011.98
1005.04
998.081
991.096
984.082
977.038
969.961
962.853
955.713
948.544
941.348
934.128
926.887
919.626
912.349
905.054
897.743
890.413
883.063
875.689
868.287
860.854
853.385
845.873
838.311
830.691
823.005
815.245
807.404
799.479
791.47
783.381
775.217
766.961
758.599
750.143
741.614
733.022
724.374
715.681
706.947
698.182
689.39
680.578
671.749
662.914
654.087
645.253
636.389
627.509
618.623
609.736
600.855
591.985
583.135
574.312
565.52
556.762
548.039
539.347
530.683
522.043
513.428
504.839
496.276
487.743
479.246
470.796
462.418
454.144
446.021
438.143
1620.3
1615.53
1609.75
1604.79
1600.04
1595.37
1590.76
1586.2
1581.69
1577.21
1572.77
1568.34
1563.94
1559.55
1555.17
1550.79
1546.42
1542.04
1537.65
1533.26
1528.86
1524.44
1520.01
1515.56
1511.09
1506.61
1502.1
1497.57
1493.02
1488.44
1483.84
1479.21
1474.55
1469.86
1465.15
1460.4
1455.62
1450.8
1445.96
1441.08
1436.16
1431.21
1426.22
1421.19
1416.13
1411.03
1405.9
1400.73
1395.52
1390.27
1384.99
1379.68
1374.32
1368.93
1363.51
1358.04
1352.55
1347.01
1341.44
1335.83
1330.19
1324.5
1318.78
1313.01
1307.2
1301.34
1295.43
1289.48
1283.46
1277.39
1271.26
1265.05
1258.78
1252.43
1246
1239.49
1232.89
1226.21
1219.44
1212.59
1205.67
1198.67
1191.6
1184.47
1177.29
1170.05
1162.78
1155.48
1148.17
1140.84
1133.52
1126.21
1118.92
1111.67
1104.45
1097.28
1090.16
1083.08
1076.06
1069.09
1062.16
1055.29
1048.46
1041.65
1034.85
1028.05
1021.25
1014.45
1007.64
1000.81
993.969
987.105
980.217
973.302
966.358
959.385
952.382
945.35
938.291
931.206
924.096
916.962
909.805
902.623
895.416
888.181
880.915
873.616
866.279
858.901
851.477
844.002
836.468
828.868
821.192
813.434
805.589
797.654
789.632
781.53
773.346
765.062
756.678
748.21
739.674
731.08
722.438
713.755
705.04
696.298
687.536
678.759
669.971
661.18
652.401
643.618
634.811
625.99
617.166
608.345
599.531
590.732
581.953
573.201
564.48
555.791
547.134
538.504
529.897
521.314
512.753
504.219
495.713
487.24
478.81
470.442
462.169
454.039
446.112
438.512
1620
1615.07
1609.22
1604.14
1599.27
1594.48
1589.75
1585.08
1580.45
1575.86
1571.31
1566.78
1562.28
1557.79
1553.32
1548.85
1544.39
1539.93
1535.47
1531
1526.52
1522.04
1517.54
1513.02
1508.49
1503.95
1499.38
1494.79
1490.18
1485.54
1480.88
1476.2
1471.48
1466.74
1461.97
1457.17
1452.34
1447.47
1442.57
1437.64
1432.68
1427.67
1422.64
1417.56
1412.45
1407.3
1402.12
1396.9
1391.64
1386.34
1381.01
1375.64
1370.24
1364.79
1359.31
1353.79
1348.24
1342.65
1337.02
1331.35
1325.64
1319.89
1314.1
1308.27
1302.39
1296.47
1290.5
1284.48
1278.4
1272.26
1266.07
1259.81
1253.48
1247.08
1240.61
1234.07
1227.45
1220.75
1213.99
1207.15
1200.24
1193.27
1186.24
1179.15
1172.02
1164.86
1157.66
1150.44
1143.21
1135.98
1128.75
1121.54
1114.35
1107.2
1100.08
1093
1085.97
1078.98
1072.04
1065.15
1058.31
1051.51
1044.75
1038.01
1031.28
1024.56
1017.83
1011.11
1004.38
997.645
990.894
984.125
977.335
970.522
963.682
956.816
949.92
942.996
936.044
929.063
922.054
915.018
907.952
900.855
893.726
886.56
879.356
872.11
864.819
857.479
850.087
842.636
835.12
827.531
819.859
812.098
804.244
796.296
788.259
780.14
771.931
763.62
755.215
746.734
738.19
729.593
720.953
712.278
703.576
694.853
686.114
677.366
668.61
659.854
651.112
642.371
633.609
624.836
616.062
607.293
598.532
589.787
581.063
572.366
563.698
555.061
546.452
537.867
529.302
520.759
512.239
503.746
495.283
486.857
478.481
470.181
462
453.997
446.251
438.906
1619.71
1614.71
1608.86
1603.74
1598.82
1593.98
1589.19
1584.45
1579.75
1575.1
1570.48
1565.89
1561.32
1556.77
1552.23
1547.7
1543.18
1538.66
1534.14
1529.62
1525.09
1520.55
1516.01
1511.45
1506.87
1502.28
1497.67
1493.04
1488.39
1483.71
1479.02
1474.29
1469.54
1464.77
1459.96
1455.12
1450.25
1445.35
1440.42
1435.45
1430.45
1425.42
1420.34
1415.23
1410.09
1404.9
1399.68
1394.42
1389.13
1383.79
1378.42
1373.02
1367.57
1362.09
1356.56
1351.01
1345.41
1339.77
1334.1
1328.39
1322.63
1316.84
1311
1305.12
1299.19
1293.22
1287.2
1281.12
1275
1268.81
1262.57
1256.26
1249.89
1243.45
1236.95
1230.37
1223.73
1217.02
1210.24
1203.4
1196.5
1189.55
1182.54
1175.49
1168.4
1161.29
1154.15
1146.99
1139.83
1132.67
1125.52
1118.39
1111.28
1104.21
1097.16
1090.16
1083.2
1076.28
1069.4
1062.57
1055.78
1049.04
1042.33
1035.63
1028.95
1022.27
1015.6
1008.93
1002.25
995.574
988.884
982.179
975.456
968.713
961.945
955.151
948.329
941.479
934.599
927.689
920.748
913.776
906.77
899.729
892.648
885.525
878.358
871.143
863.878
856.559
849.184
841.746
834.239
826.652
818.979
811.212
803.348
795.387
787.337
779.202
770.969
762.635
754.213
745.72
737.166
728.564
719.922
711.25
702.554
693.842
685.119
676.39
667.657
658.926
650.211
641.501
632.772
624.033
615.295
606.563
597.84
589.133
580.448
571.788
563.158
554.555
545.978
537.422
528.886
520.37
511.877
503.413
494.982
486.592
478.26
470.017
461.916
454.027
446.445
439.338
1619.33
1614.31
1608.52
1603.41
1598.48
1593.62
1588.8
1584.04
1579.31
1574.62
1569.96
1565.33
1560.71
1556.12
1551.53
1546.96
1542.39
1537.83
1533.27
1528.7
1524.14
1519.56
1514.97
1510.38
1505.77
1501.14
1496.5
1491.84
1487.16
1482.45
1477.73
1472.97
1468.2
1463.39
1458.56
1453.7
1448.8
1443.88
1438.92
1433.93
1428.9
1423.83
1418.73
1413.6
1408.42
1403.21
1397.96
1392.68
1387.35
1381.99
1376.59
1371.15
1365.67
1360.16
1354.6
1349.01
1343.38
1337.71
1332
1326.25
1320.47
1314.64
1308.76
1302.85
1296.88
1290.87
1284.81
1278.7
1272.53
1266.31
1260.02
1253.68
1247.27
1240.8
1234.27
1227.67
1221.01
1214.29
1207.5
1200.66
1193.77
1186.82
1179.84
1172.82
1165.76
1158.69
1151.6
1144.5
1137.39
1130.3
1123.21
1116.14
1109.1
1102.08
1095.1
1088.15
1081.24
1074.37
1067.55
1060.76
1054.01
1047.3
1040.62
1033.96
1027.31
1020.66
1014.03
1007.39
1000.76
994.123
987.478
980.822
974.15
967.46
960.747
954.009
947.244
940.449
933.624
926.767
919.877
912.951
905.987
898.983
891.934
884.838
877.693
870.495
863.244
855.936
848.569
841.136
833.63
826.043
818.365
810.592
802.718
794.746
786.685
778.535
770.283
761.932
753.497
744.993
736.431
727.824
719.18
710.509
701.818
693.115
684.404
675.689
666.974
658.262
649.568
640.882
632.178
623.467
614.757
606.052
597.358
588.679
580.02
571.387
562.782
554.202
545.646
537.109
528.591
520.093
511.62
503.177
494.77
486.408
478.111
469.916
461.883
454.094
446.662
439.778
1618.89
1613.88
1608.19
1603.12
1598.21
1593.36
1588.55
1583.78
1579.04
1574.33
1569.65
1564.99
1560.35
1555.72
1551.11
1546.5
1541.9
1537.31
1532.71
1528.11
1523.51
1518.91
1514.29
1509.66
1505.03
1500.38
1495.71
1491.02
1486.32
1481.59
1476.84
1472.07
1467.27
1462.45
1457.6
1452.72
1447.8
1442.86
1437.88
1432.87
1427.82
1422.74
1417.62
1412.46
1407.27
1402.03
1396.76
1391.46
1386.11
1380.72
1375.3
1369.83
1364.33
1358.79
1353.22
1347.6
1341.94
1336.25
1330.51
1324.74
1318.92
1313.07
1307.17
1301.22
1295.23
1289.19
1283.1
1276.96
1270.76
1264.51
1258.2
1251.83
1245.4
1238.9
1232.35
1225.73
1219.06
1212.32
1205.53
1198.69
1191.8
1184.87
1177.9
1170.9
1163.88
1156.84
1149.78
1142.73
1135.67
1128.62
1121.59
1114.57
1107.57
1100.6
1093.67
1086.76
1079.89
1073.06
1066.26
1059.5
1052.78
1046.1
1039.44
1032.79
1026.16
1019.54
1012.93
1006.32
999.716
993.112
986.502
979.883
973.251
966.602
959.932
953.238
946.517
939.766
932.983
926.166
919.312
912.42
905.485
898.505
891.476
884.395
877.261
870.071
862.825
855.52
848.153
840.72
833.211
825.62
817.936
810.154
802.271
794.289
786.218
778.056
769.788
761.423
752.978
744.465
735.897
727.285
718.64
709.97
701.283
692.587
683.885
675.183
666.482
657.786
649.111
640.443
631.76
623.071
614.382
605.699
597.025
588.366
579.727
571.112
562.523
553.958
545.415
536.89
528.383
519.897
511.437
503.009
494.619
486.279
478.011
469.856
461.88
454.178
446.88
440.207
1618.43
1613.45
1607.88
1602.87
1598
1593.17
1588.38
1583.62
1578.88
1574.17
1569.48
1564.8
1560.14
1555.49
1550.86
1546.23
1541.6
1536.98
1532.36
1527.74
1523.12
1518.48
1513.85
1509.2
1504.54
1499.87
1495.18
1490.48
1485.76
1481.02
1476.25
1471.46
1466.65
1461.81
1456.94
1452.05
1447.12
1442.16
1437.17
1432.14
1427.08
1421.99
1416.85
1411.68
1406.47
1401.22
1395.94
1390.61
1385.25
1379.84
1374.4
1368.92
1363.4
1357.84
1352.25
1346.61
1340.93
1335.22
1329.47
1323.67
1317.84
1311.96
1306.04
1300.08
1294.06
1288
1281.89
1275.73
1269.51
1263.24
1256.9
1250.51
1244.06
1237.55
1230.98
1224.35
1217.66
1210.92
1204.13
1197.29
1190.4
1183.48
1176.53
1169.55
1162.55
1155.54
1148.52
1141.5
1134.48
1127.47
1120.47
1113.49
1106.53
1099.59
1092.69
1085.81
1078.97
1072.16
1065.38
1058.64
1051.94
1045.27
1038.62
1031.99
1025.37
1018.76
1012.17
1005.58
998.999
992.419
985.836
979.246
972.645
966.028
959.392
952.733
946.046
939.329
932.579
925.792
918.966
912.097
905.181
898.216
891.198
884.124
876.993
869.804
862.557
855.25
847.88
840.442
832.929
825.331
817.641
809.851
801.959
793.968
785.889
777.715
769.434
761.059
752.605
744.085
735.511
726.896
718.249
709.58
700.897
692.207
683.513
674.821
666.132
657.45
648.789
640.137
631.471
622.799
614.127
605.46
596.802
588.158
579.532
570.929
562.35
553.794
545.257
536.739
528.239
519.76
511.309
502.891
494.514
486.191
477.945
469.822
461.894
454.265
447.084
440.609
1617.96
1613.03
1607.59
1602.65
1597.84
1593.04
1588.28
1583.53
1578.8
1574.09
1569.39
1564.71
1560.04
1555.37
1550.72
1546.07
1541.43
1536.79
1532.15
1527.51
1522.87
1518.22
1513.57
1508.9
1504.23
1499.54
1494.84
1490.13
1485.39
1480.64
1475.86
1471.06
1466.24
1461.39
1456.51
1451.6
1446.66
1441.7
1436.69
1431.66
1426.59
1421.48
1416.33
1411.15
1405.93
1400.67
1395.37
1390.03
1384.65
1379.24
1373.78
1368.29
1362.76
1357.19
1351.57
1345.92
1340.24
1334.51
1328.74
1322.93
1317.08
1311.19
1305.26
1299.28
1293.25
1287.18
1281.05
1274.87
1268.64
1262.35
1256
1249.59
1243.13
1236.6
1230.02
1223.38
1216.69
1209.94
1203.15
1196.31
1189.43
1182.52
1175.57
1168.61
1161.63
1154.64
1147.65
1140.65
1133.66
1126.68
1119.71
1112.76
1105.83
1098.92
1092.03
1085.18
1078.35
1071.56
1064.8
1058.07
1051.38
1044.72
1038.08
1031.45
1024.84
1018.24
1011.65
1005.08
998.515
991.953
985.391
978.824
972.247
965.656
959.047
952.415
945.756
939.066
932.34
925.576
918.77
911.917
905.014
898.057
891.043
883.971
876.839
869.647
862.395
855.083
847.707
840.263
832.744
825.14
817.442
809.645
801.745
793.746
785.659
777.475
769.185
760.802
752.341
743.814
735.236
726.618
717.97
709.302
700.623
691.937
683.251
674.567
665.888
657.217
648.568
639.929
631.276
622.618
613.96
605.305
596.658
588.024
579.408
570.812
562.238
553.686
545.153
536.638
528.141
519.666
511.22
502.809
494.442
486.131
477.903
469.805
461.915
454.346
447.263
440.97
1617.49
1612.63
1607.33
1602.48
1597.71
1592.96
1588.21
1583.48
1578.76
1574.06
1569.36
1564.67
1559.99
1555.32
1550.65
1545.99
1541.34
1536.69
1532.03
1527.38
1522.72
1518.06
1513.4
1508.72
1504.03
1499.34
1494.63
1489.9
1485.16
1480.39
1475.61
1470.8
1465.97
1461.11
1456.23
1451.31
1446.37
1441.39
1436.38
1431.34
1426.26
1421.14
1415.99
1410.8
1405.57
1400.3
1394.99
1389.64
1384.26
1378.83
1373.37
1367.86
1362.32
1356.74
1351.12
1345.46
1339.76
1334.02
1328.25
1322.43
1316.57
1310.67
1304.73
1298.74
1292.7
1286.62
1280.48
1274.29
1268.04
1261.74
1255.38
1248.96
1242.49
1235.95
1229.36
1222.72
1216.02
1209.27
1202.48
1195.64
1188.76
1181.86
1174.92
1167.97
1161.01
1154.04
1147.06
1140.09
1133.12
1126.16
1119.22
1112.28
1105.37
1098.47
1091.61
1084.76
1077.95
1071.17
1064.42
1057.7
1051.01
1044.35
1037.71
1031.09
1024.48
1017.89
1011.31
1004.75
998.196
991.649
985.102
978.553
971.996
965.425
958.837
952.227
945.589
938.92
932.213
925.466
918.674
911.832
904.936
897.983
890.97
883.895
876.759
869.562
862.304
854.985
847.603
840.153
832.627
825.017
817.313
809.509
801.603
793.597
785.502
777.31
769.012
760.623
752.156
743.625
735.043
726.422
717.774
709.108
700.431
691.749
683.069
674.392
665.722
657.06
648.421
639.791
631.15
622.502
613.854
605.209
596.57
587.943
579.332
570.74
562.169
553.618
545.086
536.572
528.076
519.603
511.161
502.755
494.394
486.092
477.877
469.798
461.936
454.412
447.409
441.276
1617.05
1612.27
1607.12
1602.35
1597.63
1592.91
1588.19
1583.47
1578.76
1574.05
1569.35
1564.66
1559.98
1555.3
1550.63
1545.96
1541.29
1536.63
1531.97
1527.31
1522.64
1517.97
1513.29
1508.61
1503.92
1499.21
1494.49
1489.76
1485.01
1480.24
1475.45
1470.64
1465.8
1460.94
1456.05
1451.13
1446.18
1441.2
1436.18
1431.14
1426.05
1420.93
1415.77
1410.57
1405.34
1400.06
1394.75
1389.39
1384
1378.57
1373.1
1367.59
1362.04
1356.45
1350.82
1345.16
1339.45
1333.71
1327.93
1322.1
1316.24
1310.33
1304.38
1298.39
1292.34
1286.25
1280.11
1273.91
1267.66
1261.35
1254.98
1248.55
1242.07
1235.53
1228.93
1222.28
1215.58
1208.83
1202.03
1195.2
1188.33
1181.42
1174.5
1167.55
1160.6
1153.64
1146.68
1139.72
1132.77
1125.83
1118.9
1111.98
1105.08
1098.2
1091.34
1084.51
1077.7
1070.93
1064.18
1057.47
1050.78
1044.12
1037.48
1030.86
1024.26
1017.67
1011.1
1004.54
997.996
991.458
984.924
978.388
971.845
965.291
958.719
952.126
945.504
938.85
932.158
925.423
918.64
911.805
904.913
897.961
890.946
883.867
876.726
869.522
862.258
854.933
847.544
840.088
832.557
824.941
817.232
809.422
801.511
793.499
785.398
777.199
768.896
760.502
752.031
743.496
734.912
726.29
717.641
708.976
700.301
691.623
682.948
674.277
665.613
656.959
648.327
639.705
631.072
622.432
613.792
605.153
596.52
587.898
579.29
570.7
562.129
553.578
545.045
536.53
528.034
519.562
511.122
502.719
494.362
486.066
477.86
469.794
461.953
454.461
447.516
441.514
1616.63
1611.97
1606.96
1602.26
1597.58
1592.88
1588.18
1583.47
1578.77
1574.06
1569.36
1564.67
1559.98
1555.3
1550.62
1545.95
1541.27
1536.61
1531.94
1527.27
1522.6
1517.92
1513.24
1508.55
1503.85
1499.14
1494.42
1489.68
1484.93
1480.15
1475.36
1470.54
1465.7
1460.84
1455.94
1451.02
1446.07
1441.09
1436.07
1431.02
1425.93
1420.8
1415.64
1410.44
1405.2
1399.92
1394.6
1389.24
1383.85
1378.41
1372.93
1367.42
1361.86
1356.27
1350.64
1344.97
1339.26
1333.51
1327.73
1321.9
1316.03
1310.12
1304.17
1298.17
1292.12
1286.03
1279.88
1273.68
1267.42
1261.11
1254.73
1248.3
1241.81
1235.27
1228.67
1222.01
1215.31
1208.56
1201.76
1194.92
1188.05
1181.15
1174.23
1167.29
1160.35
1153.39
1146.44
1139.5
1132.56
1125.62
1118.7
1111.8
1104.9
1098.03
1091.18
1084.36
1077.56
1070.78
1064.04
1057.33
1050.65
1043.99
1037.35
1030.73
1024.12
1017.54
1010.97
1004.42
997.877
991.347
984.822
978.295
971.763
965.22
958.66
952.078
945.469
938.826
932.143
925.416
918.64
911.808
904.917
897.964
890.947
883.864
876.718
869.509
862.239
854.908
847.514
840.053
832.518
824.898
817.184
809.371
801.455
793.439
785.333
777.129
768.822
760.425
751.951
743.414
734.828
726.205
717.556
708.892
700.219
691.544
682.872
674.205
665.546
656.897
648.271
639.654
631.027
622.393
613.758
605.123
596.494
587.874
579.268
570.678
562.107
553.555
545.021
536.505
528.009
519.537
511.098
502.696
494.343
486.05
477.85
469.791
461.962
454.49
447.583
441.675
1616.26
1611.76
1606.86
1602.22
1597.56
1592.88
1588.18
1583.48
1578.78
1574.08
1569.38
1564.68
1559.99
1555.3
1550.62
1545.94
1541.27
1536.6
1531.92
1527.25
1522.58
1517.9
1513.21
1508.52
1503.82
1499.11
1494.38
1489.64
1484.88
1480.11
1475.31
1470.49
1465.65
1460.79
1455.89
1450.97
1446.01
1441.03
1436.01
1430.95
1425.86
1420.74
1415.57
1410.37
1405.13
1399.84
1394.52
1389.16
1383.76
1378.32
1372.84
1367.33
1361.77
1356.18
1350.54
1344.87
1339.16
1333.41
1327.62
1321.79
1315.92
1310.01
1304.06
1298.06
1292.01
1285.91
1279.76
1273.55
1267.29
1260.98
1254.6
1248.17
1241.68
1235.13
1228.52
1221.87
1215.16
1208.4
1201.6
1194.77
1187.9
1181
1174.08
1167.14
1160.2
1153.25
1146.31
1139.36
1132.43
1125.51
1118.6
1111.69
1104.81
1097.94
1091.09
1084.27
1077.48
1070.71
1063.97
1057.26
1050.58
1043.92
1037.28
1030.66
1024.05
1017.47
1010.9
1004.35
997.816
991.291
984.77
978.25
971.724
965.188
958.636
952.061
945.459
938.823
932.146
925.424
918.651
911.821
904.931
897.976
890.956
883.871
876.72
869.507
862.233
854.899
847.502
840.038
832.499
824.877
817.161
809.345
801.426
793.407
785.298
777.091
768.782
760.382
751.906
743.368
734.781
726.157
717.509
708.845
700.173
691.5
682.83
674.166
665.51
656.864
648.241
639.628
631.005
622.374
613.742
605.11
596.483
587.864
579.259
570.669
562.097
553.544
545.008
536.491
527.995
519.523
511.085
502.684
494.332
486.041
477.843
469.788
461.965
454.503
447.616
441.763
1615.99
1611.64
1606.83
1602.21
1597.56
1592.88
1588.19
1583.49
1578.79
1574.08
1569.38
1564.69
1559.99
1555.31
1550.62
1545.94
1541.27
1536.59
1531.92
1527.24
1522.57
1517.89
1513.2
1508.51
1503.81
1499.09
1494.37
1489.63
1484.87
1480.09
1475.29
1470.48
1465.63
1460.77
1455.87
1450.95
1445.99
1441.01
1435.99
1430.93
1425.84
1420.71
1415.55
1410.34
1405.1
1399.82
1394.49
1389.13
1383.73
1378.29
1372.81
1367.29
1361.74
1356.14
1350.51
1344.83
1339.12
1333.37
1327.58
1321.75
1315.88
1309.97
1304.01
1298.01
1291.96
1285.86
1279.71
1273.51
1267.25
1260.93
1254.55
1248.11
1241.62
1235.07
1228.46
1221.8
1215.09
1208.34
1201.54
1194.7
1187.82
1180.92
1174
1167.07
1160.13
1153.18
1146.24
1139.3
1132.37
1125.45
1118.54
1111.65
1104.76
1097.9
1091.06
1084.24
1077.44
1070.68
1063.94
1057.23
1050.55
1043.89
1037.25
1030.62
1024.02
1017.44
1010.87
1004.33
997.792
991.269
984.751
978.234
971.712
965.179
958.631
952.06
945.461
938.828
932.154
925.433
918.661
911.832
904.941
897.985
890.964
883.876
876.723
869.508
862.232
854.896
847.498
840.033
832.494
824.87
817.154
809.337
801.417
793.397
785.286
777.078
768.768
760.367
751.889
743.35
734.762
726.138
717.489
708.825
700.154
691.481
682.812
674.149
665.494
656.851
648.229
639.617
630.996
622.367
613.736
605.105
596.478
587.86
579.254
570.664
562.091
553.537
545.001
536.484
527.987
519.516
511.077
502.677
494.326
486.036
477.838
469.786
461.964
454.506
447.627
441.797
437.775
430.807
422.737
413.891
404.366
394.214
383.457
372.098
360.123
347.507
334.216
320.206
305.424
289.833
273.384
255.968
237.446
217.681
196.529
173.831
149.396
122.969
94.1517
62.1918
25.2521
436.089
428.887
420.78
411.946
402.448
392.328
381.605
370.276
358.328
345.736
332.468
318.48
303.722
288.153
271.73
254.341
235.848
216.113
194.991
172.317
147.902
121.488
92.6815
60.7473
23.9416
434.537
426.98
418.769
409.911
400.423
390.326
379.63
368.33
356.408
343.841
330.595
316.63
301.896
286.351
269.95
252.588
234.123
214.419
193.327
170.68
146.287
119.893
91.1111
59.2323
22.6757
433.154
425.217
416.843
407.921
398.414
388.322
377.642
366.361
354.459
341.911
328.684
314.737
300.023
284.501
268.122
250.786
232.35
212.676
191.615
168.998
144.632
118.262
89.5181
57.7261
21.5126
431.916
423.624
415.057
406.037
396.486
386.38
375.701
364.428
352.539
340.004
326.79
312.857
298.16
282.655
266.295
248.983
230.571
210.927
189.897
167.31
142.973
116.635
87.9414
56.2663
20.4674
430.794
422.192
413.422
404.283
394.668
384.53
373.838
362.564
350.678
338.15
324.944
311.021
296.335
280.843
264.5
247.207
228.816
209.196
188.194
165.637
141.331
115.031
86.4006
54.8701
19.5388
429.768
420.902
411.933
402.663
392.968
382.784
372.068
360.782
348.894
336.366
323.163
309.245
294.566
279.082
262.752
245.476
227.102
207.503
186.525
163.997
139.724
113.466
84.9103
53.5489
18.721
428.826
419.735
410.579
401.175
391.39
381.149
370.398
359.093
347.193
334.661
321.457
307.54
292.865
277.386
261.066
243.802
225.442
205.859
184.904
162.402
138.162
111.951
83.4806
52.3087
18.0045
427.96
418.678
409.349
399.811
389.931
379.625
368.832
357.5
345.584
333.041
319.831
305.912
291.238
275.76
259.448
242.194
223.844
204.275
183.339
160.861
136.655
110.494
82.1178
51.1514
17.3778
427.166
417.719
408.234
398.566
388.589
378.213
367.371
356.006
344.068
331.511
318.291
304.366
289.69
274.213
257.904
240.658
222.316
202.758
181.837
159.382
135.209
109.101
80.8256
50.0763
16.8295
426.44
416.85
407.223
397.433
387.358
376.909
366.015
354.612
342.648
330.072
316.84
302.907
288.227
272.747
256.44
239.199
220.863
201.312
180.403
157.969
133.829
107.776
79.6061
49.081
16.3489
425.782
416.066
406.31
396.404
386.234
375.711
364.761
353.318
341.324
328.727
315.479
301.536
286.849
271.366
255.057
237.819
219.488
199.941
179.042
156.626
132.518
106.521
78.4601
48.1623
15.9268
425.189
415.36
405.487
395.473
385.212
374.616
363.609
352.123
340.097
327.475
314.21
300.255
285.56
270.071
253.759
236.522
218.193
198.648
177.756
155.356
131.279
105.338
77.3878
47.3169
15.555
424.661
414.73
404.75
394.636
384.287
373.619
362.556
351.026
338.965
326.318
313.034
299.065
284.361
268.865
252.547
235.309
216.981
197.435
176.548
154.161
130.114
104.228
76.3885
46.5411
15.2271
424.196
414.171
404.093
393.886
383.455
372.718
361.599
350.024
337.929
325.255
311.951
297.966
283.251
267.748
251.423
234.181
215.852
196.304
175.419
153.044
129.024
103.193
75.4617
45.8316
14.9373
423.794
413.682
403.513
393.22
382.712
371.909
360.735
349.116
336.986
324.285
310.959
296.959
282.233
266.721
250.386
233.14
214.809
195.256
174.371
152.005
128.01
102.231
74.6063
45.1851
14.6813
423.453
413.259
403.007
392.634
382.054
371.189
359.963
348.301
336.136
323.408
310.06
296.044
281.305
265.783
249.438
232.185
213.85
194.292
173.405
151.045
127.073
101.344
73.8213
44.5986
14.4553
423.171
412.9
402.571
392.124
381.477
370.554
359.278
347.576
335.377
322.621
309.253
295.22
280.468
264.936
248.578
231.317
212.977
193.411
172.52
150.165
126.213
100.532
73.1056
44.0697
14.2563
422.944
412.601
402.201
391.687
380.979
370.002
358.68
346.938
334.708
321.926
308.536
294.486
279.721
264.178
247.806
230.535
212.188
192.613
171.717
149.365
125.431
99.7933
72.4583
43.5959
14.0818
422.769
412.361
401.896
391.321
380.557
369.53
358.165
346.387
334.126
321.319
307.909
293.842
279.063
263.509
247.123
229.839
211.484
191.899
170.995
148.645
124.726
99.1288
71.8783
43.1753
13.9299
422.643
412.176
401.653
391.022
380.207
369.135
357.731
345.92
333.631
320.801
307.371
293.288
278.495
262.928
246.526
229.229
210.865
191.268
170.356
148.004
124.099
98.538
71.3647
42.806
13.799
422.563
412.045
401.469
390.789
379.929
368.816
357.377
345.536
333.221
320.369
306.92
292.822
278.015
262.434
246.016
228.704
210.328
190.72
169.798
147.443
123.548
98.0205
70.9168
42.4868
13.6879
422.527
411.964
401.343
390.619
379.719
368.571
357.1
345.232
332.895
320.023
306.557
292.443
277.621
262.027
245.593
228.263
209.874
190.254
169.32
146.962
123.075
97.5759
70.534
42.2165
13.5957
422.532
411.932
401.272
390.511
379.577
368.397
356.9
345.008
332.651
319.76
306.279
292.15
277.315
261.707
245.254
227.905
209.502
189.869
168.923
146.559
122.679
97.2041
70.2156
41.9943
13.5217
422.578
411.946
401.254
390.463
379.499
368.294
356.774
344.862
332.487
319.582
306.086
291.943
277.094
261.471
245.001
227.631
209.212
189.566
168.607
146.237
122.36
96.9059
69.9625
41.8202
13.4657
422.659
412.003
401.286
390.471
379.484
368.258
356.719
344.792
332.403
319.485
305.977
291.822
276.96
261.322
244.835
227.443
209.007
189.347
168.376
145.997
122.123
96.6845
69.7769
41.6953
13.4277
422.77
412.098
401.364
390.532
379.529
368.287
356.734
344.795
332.395
319.466
305.948
291.782
276.907
261.255
244.749
227.334
208.878
189.205
168.221
145.834
121.96
96.5334
69.6529
41.6148
13.4036
422.907
412.232
401.489
390.647
379.635
368.384
356.822
344.875
332.468
319.533
306.007
291.831
276.945
261.28
244.758
227.32
208.846
189.161
168.165
145.769
121.893
96.4729
69.6079
41.5918
13.3985
423.069
412.4
401.661
390.822
379.811
368.56
356.998
345.05
332.643
319.706
306.176
291.996
277.102
261.426
244.89
227.432
208.94
189.247
168.239
145.836
121.954
96.5337
69.6688
41.6444
13.4215
423.266
412.615
401.892
391.066
380.065
368.823
357.268
345.326
332.922
319.986
306.456
292.271
277.37
261.683
245.134
227.655
209.147
189.444
168.427
146.014
122.127
96.7016
69.8262
41.7706
13.4746
423.494
412.875
402.179
391.378
380.398
369.173
357.632
345.701
333.305
320.374
306.844
292.657
277.75
262.054
245.492
227.994
209.47
189.759
168.733
146.313
122.419
96.9833
70.0861
41.9748
13.5581
423.756
413.181
402.526
391.76
380.81
369.61
358.09
346.175
333.792
320.867
307.341
293.152
278.239
262.534
245.96
228.444
209.903
190.184
169.152
146.724
122.822
97.3741
70.4455
42.2559
13.6722
424.052
413.534
402.932
392.214
381.304
370.137
358.643
346.75
334.382
321.466
307.943
293.753
278.836
263.122
246.536
229.003
210.446
190.719
169.681
147.247
123.338
97.8743
70.9055
42.6164
13.8195
424.382
413.935
403.401
392.742
381.882
370.754
359.293
347.425
335.075
322.17
308.651
294.461
279.538
263.816
247.219
229.671
211.098
191.363
170.322
147.882
123.966
98.485
71.4686
43.0603
14.0035
424.745
414.387
403.935
393.346
382.546
371.466
360.04
348.201
335.871
322.978
309.463
295.272
280.345
264.614
248.006
230.445
211.857
192.116
171.073
148.629
124.708
99.2076
72.1372
43.5919
14.229
425.144
414.891
404.535
394.031
383.301
372.276
360.89
349.08
336.771
323.89
310.379
296.187
281.254
265.515
248.897
231.324
212.722
192.975
171.933
149.488
125.562
100.043
72.9142
44.2162
14.5017
425.577
415.449
405.207
394.801
384.152
373.188
361.844
350.062
337.775
324.905
311.397
297.202
282.264
266.517
249.89
232.306
213.693
193.941
172.901
150.459
126.53
100.992
73.8021
44.939
14.8289
426.045
416.064
405.955
395.663
385.104
374.205
362.906
351.151
338.882
326.022
312.515
298.318
283.373
267.618
250.981
233.389
214.766
195.012
173.977
151.539
127.61
102.056
74.8036
45.7663
15.2195
426.55
416.744
406.79
396.626
386.163
375.332
364.077
352.347
340.093
327.241
313.733
299.531
284.579
268.815
252.17
234.57
215.94
196.185
175.159
152.729
128.803
103.235
75.9212
46.7046
15.6845
427.097
417.5
407.723
397.698
387.335
376.573
365.359
353.651
341.407
328.558
315.047
300.838
285.877
270.104
253.452
235.847
217.213
197.459
176.444
154.025
130.107
104.528
77.1564
47.7603
16.2369
427.695
418.346
408.767
398.887
388.626
377.928
366.752
355.06
342.82
329.971
316.453
302.234
287.264
271.482
254.823
237.214
218.578
198.828
177.827
155.425
131.517
105.932
78.5083
48.9378
16.8904
428.358
419.293
409.925
400.195
390.032
379.394
368.248
356.566
344.325
331.469
317.941
303.711
288.729
272.937
256.272
238.661
220.027
200.284
179.3
156.916
133.023
107.437
79.9674
50.2315
17.6479
429.063
420.299
411.151
401.569
391.499
380.915
369.794
358.116
345.868
333.002
319.46
305.216
290.221
274.421
257.75
240.138
221.509
201.775
180.81
158.449
134.573
108.99
81.482
51.5937
18.475
429.773
421.308
412.376
402.936
392.954
382.418
371.316
359.639
347.381
334.501
320.945
306.685
291.678
275.867
259.192
241.581
222.958
203.236
182.291
159.952
136.096
110.519
82.9802
52.9547
19.316
430.484
422.306
413.581
404.276
394.374
383.879
372.792
361.113
348.843
335.948
322.375
308.099
293.078
277.258
260.578
242.969
224.353
204.644
183.718
161.403
137.565
111.998
84.4337
54.2858
20.1503
431.196
423.29
414.76
405.579
395.749
385.289
374.212
362.527
350.244
337.332
323.74
309.448
294.413
278.584
261.899
244.292
225.683
205.987
185.08
162.787
138.969
113.413
85.8286
55.5738
20.9734
431.908
424.256
415.907
406.838
397.072
386.64
375.569
363.877
351.578
338.646
325.037
310.727
295.678
279.838
263.15
245.545
226.943
207.26
186.37
164.1
140.3
114.757
87.1574
56.8111
21.7849
432.613
425.201
417.018
408.051
398.338
387.928
376.859
365.157
352.84
339.889
326.26
311.933
296.869
281.02
264.327
246.723
228.129
208.459
187.586
165.337
141.555
116.025
88.4152
57.9927
22.5846
433.307
426.123
418.092
409.212
399.543
389.15
378.079
366.363
354.028
341.056
327.408
313.063
297.985
282.126
265.429
247.827
229.239
209.581
188.724
166.495
142.73
117.215
89.599
59.1151
23.3726
433.988
427.023
419.127
410.32
400.686
390.303
379.226
367.496
355.141
342.147
328.48
314.117
299.024
283.156
266.456
248.855
230.274
210.627
189.785
167.574
143.827
118.325
90.7075
60.1761
24.1488
434.657
427.901
420.122
411.374
401.765
391.386
380.299
368.552
356.177
343.161
329.475
315.094
299.988
284.111
267.406
249.807
231.232
211.596
190.768
168.575
144.843
119.356
91.7401
61.1741
24.9129
435.319
428.759
421.076
412.372
402.78
392.398
381.298
369.533
357.136
344.099
330.393
315.996
300.877
284.99
268.282
250.684
232.115
212.489
191.675
169.498
145.781
120.308
92.6964
62.1078
25.6632
435.984
429.598
421.988
413.313
403.728
393.338
382.222
370.436
358.017
344.959
331.234
316.821
301.69
285.795
269.084
251.486
232.923
213.306
192.504
170.342
146.64
121.181
93.5761
62.9759
26.3961
436.657
430.414
422.853
414.193
404.605
394.203
383.068
371.259
358.819
345.739
331.997
317.568
302.425
286.523
269.809
252.213
233.654
214.046
193.255
171.107
147.418
121.973
94.377
63.7747
27.1045
437.33
431.19
423.654
414.996
405.398
394.979
383.823
371.992
359.531
346.432
332.673
318.23
303.076
287.167
270.45
252.855
234.301
214.7
193.92
171.784
148.109
122.676
95.0914
64.4945
27.7738
437.958
431.877
424.348
415.684
406.073
395.637
384.463
372.613
360.133
347.018
333.245
318.791
303.628
287.714
270.994
253.399
234.849
215.255
194.483
172.359
148.696
123.275
95.702
65.1148
28.3752
438.485
432.428
424.897
416.225
406.603
396.154
384.965
373.101
360.608
347.482
333.699
319.237
304.069
288.15
271.429
253.835
235.288
215.699
194.936
172.82
149.167
123.755
96.1937
65.6173
28.877
)
;

boundaryField
{
    inlet
    {
        type            zeroGradient;
    }
    outlet
    {
        type            fixedValue;
        value           uniform 0;
    }
    upperWall
    {
        type            zeroGradient;
    }
    lowerWall
    {
        type            zeroGradient;
    }
    frontAndBack
    {
        type            empty;
    }
}


// ************************************************************************* //
