/*--------------------------------*- C++ -*----------------------------------*\
  =========                 |
  \\      /  F ield         | OpenFOAM: The Open Source CFD Toolbox
   \\    /   O peration     | Website:  https://openfoam.org
    \\  /    A nd           | Version:  9
     \\/     M anipulation  |
\*---------------------------------------------------------------------------*/
FoamFile
{
    format      ascii;
    class       volScalarField;
    location    "0.19";
    object      p;
}
// * * * * * * * * * * * * * * * * * * * * * * * * * * * * * * * * * * * * * //

dimensions      [0 2 -2 0 0 0 0];

internalField   nonuniform List<scalar> 
12225
(
30.3882
30.0853
29.9977
29.9884
29.9851
29.9845
29.9882
29.9945
30.0018
30.0098
30.0177
30.0249
30.03
30.0312
30.0254
30.0086
29.9826
29.9289
29.9957
30.0022
29.992
29.9904
29.9873
29.9862
29.9894
29.9952
30.0022
30.0098
30.0175
30.0244
30.0291
30.0299
30.0234
30.0059
29.9745
29.9216
29.9462
30.005
29.9968
29.9922
29.9891
29.9879
29.9905
29.9956
30.002
30.0091
30.0162
30.0225
30.0266
30.0268
30.0197
30.0024
29.9716
29.9159
29.9761
30.0107
29.9966
29.9909
29.9885
29.9874
29.9895
29.9939
29.9996
30.0059
30.0121
30.0174
30.0205
30.0196
30.0116
29.9943
29.9635
29.9032
29.9827
30.0025
29.991
29.9869
29.9853
29.9844
29.9861
29.9898
29.9946
29.9999
30.0049
30.0089
30.0105
30.008
29.9988
29.9805
29.9486
29.8886
29.9743
29.9899
29.9834
29.9809
29.9799
29.9793
29.9806
29.9835
29.9873
29.9913
29.9949
29.9972
29.9969
29.9925
29.9816
29.9618
29.9288
29.8728
29.9647
29.978
29.9749
29.9735
29.9729
29.9724
29.9733
29.9753
29.9779
29.9805
29.9824
29.9828
29.9806
29.9741
29.9613
29.9399
29.9063
29.8557
29.9564
29.9671
29.9658
29.965
29.9646
29.9641
29.9645
29.9655
29.9669
29.968
29.9681
29.9666
29.9623
29.9538
29.9392
29.9164
29.883
29.8378
29.9483
29.9566
29.9564
29.956
29.9556
29.9549
29.9546
29.9546
29.9546
29.9542
29.9526
29.9491
29.9428
29.9324
29.9163
29.8926
29.8602
29.8196
29.9403
29.9467
29.9471
29.9468
29.9462
29.9451
29.944
29.943
29.9416
29.9396
29.9362
29.9309
29.9228
29.9107
29.8934
29.8692
29.838
29.801
29.9321
29.9372
29.9377
29.9373
29.9363
29.9346
29.9327
29.9304
29.9277
29.9241
29.9191
29.912
29.9022
29.8888
29.8705
29.8463
29.8164
29.7819
29.9238
29.928
29.9283
29.9276
29.9259
29.9234
29.9203
29.9168
29.9125
29.9073
29.9005
29.8918
29.8805
29.866
29.8471
29.8232
29.7948
29.7631
29.916
29.9195
29.9196
29.9183
29.9159
29.9125
29.9083
29.9033
29.8976
29.8907
29.8823
29.872
29.8594
29.8438
29.8246
29.8012
29.7744
29.7448
29.9096
29.9127
29.9125
29.9108
29.9078
29.9036
29.8985
29.8926
29.8856
29.8775
29.868
29.8566
29.843
29.8269
29.8077
29.7851
29.7599
29.7318
29.9051
29.9081
29.9077
29.9058
29.9024
29.8978
29.8922
29.8856
29.8779
29.8691
29.8588
29.8469
29.8331
29.8169
29.7981
29.7765
29.7528
29.7259
29.9031
29.9057
29.9051
29.903
29.8995
29.8947
29.8889
29.8821
29.8743
29.8653
29.855
29.8433
29.8299
29.8145
29.7969
29.7768
29.7549
29.7297
29.9042
29.906
29.9053
29.9031
29.8995
29.8948
29.8891
29.8825
29.875
29.8664
29.8568
29.8459
29.8337
29.8199
29.8043
29.7867
29.7675
29.7456
29.9093
29.91
29.9089
29.9064
29.9028
29.8983
29.893
29.8869
29.8801
29.8724
29.8639
29.8544
29.844
29.8323
29.8195
29.8053
29.7896
29.7723
29.9188
29.9178
29.916
29.9131
29.9094
29.9051
29.9001
29.8946
29.8885
29.8818
29.8745
29.8666
29.8581
29.8488
29.8388
29.828
29.8159
29.8032
29.9288
29.9265
29.9239
29.9204
29.9163
29.9118
29.9069
29.9017
29.8962
29.8903
29.8841
29.8776
29.8706
29.8634
29.8558
29.8478
29.8386
29.8291
29.936
29.9332
29.9301
29.9258
29.9212
29.9164
29.9114
29.9063
29.9011
29.8958
29.8904
29.8849
29.8793
29.8735
29.8678
29.8619
29.8549
29.8476
29.9417
29.9387
29.9349
29.9298
29.9245
29.9193
29.914
29.9088
29.9038
29.8989
29.8941
29.8893
29.8847
29.8801
29.8757
29.8714
29.8661
29.8604
29.9461
29.9432
29.9386
29.9325
29.9265
29.9207
29.9151
29.9097
29.9048
29.9001
29.8957
29.8916
29.8876
29.8839
29.8806
29.8774
29.8733
29.8685
29.9493
29.9472
29.9417
29.9344
29.9277
29.9212
29.9152
29.9096
29.9047
29.9002
29.8961
29.8924
29.8891
29.886
29.8834
29.881
29.8779
29.8737
29.9523
29.9518
29.9444
29.9358
29.9284
29.9212
29.9146
29.9089
29.9039
29.8995
29.8957
29.8924
29.8895
29.8871
29.885
29.8833
29.8811
29.8773
29.9551
29.9586
29.9479
29.9372
29.9288
29.9209
29.9137
29.9077
29.9027
29.8985
29.8949
29.8919
29.8894
29.8875
29.8859
29.8848
29.8833
29.88
29.9467
29.9649
29.9516
29.9386
29.929
29.9201
29.9124
29.9063
29.9013
29.8972
29.8938
29.8911
29.8891
29.8875
29.8865
29.8859
29.8852
29.8824
29.9128
29.9591
29.9508
29.9388
29.9283
29.9183
29.9104
29.9044
29.8996
29.8957
29.8927
29.8903
29.8886
29.8875
29.8869
29.8868
29.8868
29.8847
29.9363
29.9499
29.9438
29.9366
29.9262
29.9155
29.9075
29.9019
29.8976
29.8941
29.8914
29.8895
29.8882
29.8874
29.8873
29.8875
29.888
29.8871
30.318
30.0535
29.9591
29.9384
29.9256
29.9142
29.9062
29.9008
29.8967
29.8934
29.8909
29.8892
29.8881
29.8876
29.8876
29.8881
29.8889
29.889
25.1326
25.137
25.1422
25.1481
25.1545
25.1612
25.1679
25.1742
25.1797
25.1844
25.1878
25.1898
25.1902
25.1889
25.1856
25.1801
25.1723
25.162
25.1489
25.133
25.1142
25.0929
25.0704
25.047
25.0222
24.995
24.9639
24.9307
24.8956
24.8543
24.8091
24.766
24.7208
24.6685
24.6119
24.5532
24.4895
24.4279
24.3836
24.335
24.2695
24.2029
24.1373
24.0729
24.0104
23.9503
23.893
23.8387
23.7876
23.7397
23.6952
23.654
23.6161
23.5812
23.5494
23.5204
23.4941
23.4703
23.449
23.4298
23.4126
23.3973
23.3835
23.371
23.3596
23.3488
23.3383
23.3278
23.3167
23.3043
23.2902
23.274
23.2552
23.233
23.2067
23.1758
23.1395
23.0972
23.0484
22.9923
22.9286
22.8567
22.7765
22.6875
22.5899
22.4836
22.3686
22.2451
22.1134
21.9736
21.8253
21.6679
21.5008
21.323
21.1336
20.9317
20.7164
20.4869
20.242
19.9806
19.7013
19.4025
19.0822
18.7381
18.3677
17.9677
17.5346
17.0641
16.5517
15.9923
15.3869
14.7447
14.0719
13.3744
12.6653
11.9558
11.2508
10.5527
9.86281
9.18854
8.54191
7.88764
7.27482
6.74786
6.19504
5.64693
5.1946
4.76695
4.31511
3.89452
3.55665
3.23755
2.93788
2.68004
2.43751
2.24546
2.08577
1.93963
1.81791
1.71705
1.63129
1.5584
1.49683
1.44539
1.40303
1.36877
1.3418
1.3214
1.30694
1.29788
1.29379
1.29421
1.29877
1.30712
1.31896
1.33398
1.35186
1.37215
1.39433
1.41784
1.44214
1.46666
1.49071
1.51347
1.53419
1.55225
1.56706
1.57818
1.58552
1.58909
1.58878
1.58459
1.57666
1.56536
1.5512
1.53484
1.51708
1.49898
1.48284
1.47097
25.1371
25.1411
25.1444
25.1487
25.154
25.1604
25.1673
25.1744
25.1812
25.1872
25.1923
25.196
25.1982
25.1988
25.1976
25.1942
25.1885
25.1802
25.1691
25.1551
25.1385
25.1199
25.0996
25.0776
25.0542
25.0289
25.0006
24.9685
24.9322
24.8924
24.8514
24.81
24.767
24.7224
24.6782
24.6314
24.5808
24.5311
24.4635
24.3777
24.299
24.226
24.1555
24.0878
24.0229
23.9612
23.9028
23.8479
23.7965
23.7486
23.7043
23.6633
23.6257
23.5912
23.5597
23.531
23.5051
23.4816
23.4605
23.4415
23.4245
23.4092
23.3955
23.383
23.3714
23.3605
23.3498
23.339
23.3275
23.3151
23.3011
23.2849
23.2659
23.2433
23.2166
23.1849
23.1477
23.1044
23.0543
22.9969
22.9317
22.8582
22.7762
22.6855
22.5859
22.4775
22.3604
22.235
22.1013
21.9594
21.8088
21.6491
21.4794
21.2988
21.1063
20.9012
20.6825
20.4493
20.2006
19.9353
19.6519
19.3489
19.0244
18.6761
18.3015
17.8975
17.4606
16.9869
16.4722
15.9127
15.3086
14.6665
13.995
13.3011
12.5958
11.8902
11.1896
10.4964
9.81157
9.13918
8.48977
7.83083
7.2582
6.7399
6.15336
5.62834
5.20754
4.76903
4.29674
3.89123
3.57114
3.2382
2.94397
2.68421
2.43931
2.25991
2.095
1.94915
1.82989
1.72943
1.64334
1.5696
1.5069
1.45425
1.41059
1.37499
1.34676
1.32516
1.30941
1.29897
1.29342
1.29238
1.29549
1.30243
1.31284
1.32633
1.34254
1.36126
1.38213
1.40456
1.42782
1.4513
1.47441
1.49651
1.51685
1.53467
1.54946
1.5608
1.56843
1.57238
1.57263
1.56915
1.5621
1.5518
1.53871
1.52347
1.50686
1.48981
1.4743
1.4611
25.1613
25.1647
25.1663
25.1689
25.1732
25.1792
25.1863
25.1937
25.2009
25.2074
25.2128
25.2167
25.2191
25.2197
25.2186
25.2153
25.2098
25.2019
25.1915
25.1788
25.1637
25.1465
25.1273
25.1063
25.0831
25.0576
25.0292
24.997
24.9602
24.9193
24.8764
24.8323
24.7857
24.7364
24.6857
24.6328
24.5762
24.517
24.4519
24.3788
24.305
24.2329
24.1629
24.0956
24.0314
23.9705
23.913
23.8591
23.8087
23.7618
23.7183
23.6781
23.6412
23.6073
23.5763
23.5481
23.5225
23.4994
23.4786
23.4599
23.4432
23.4281
23.4146
23.4023
23.3909
23.38
23.3694
23.3586
23.347
23.3343
23.32
23.3033
23.2837
23.2604
23.2328
23.2002
23.1619
23.1172
23.0655
23.0063
22.9391
22.8633
22.7788
22.6853
22.5827
22.4709
22.3503
22.2212
22.0837
21.9379
21.7834
21.6197
21.4458
21.2608
21.0638
20.8538
20.6299
20.3912
20.1368
19.8654
19.5757
19.2662
18.935
18.5798
18.1984
17.7877
17.3445
16.8655
16.347
15.7864
15.1843
14.5456
13.8779
13.1895
12.4905
11.7911
11.0969
10.4108
9.73495
9.07327
8.43175
7.80384
7.22124
6.67992
6.13734
5.6245
5.17067
4.73606
4.30055
3.90483
3.56433
3.24373
2.95543
2.69847
2.46818
2.27781
2.11262
1.96846
1.84652
1.74425
1.65705
1.58224
1.51849
1.46474
1.41996
1.38326
1.35368
1.33072
1.3136
1.30174
1.29471
1.29215
1.29371
1.29906
1.30788
1.31979
1.33443
1.35158
1.37096
1.39199
1.41396
1.43625
1.45833
1.4796
1.49931
1.51671
1.53136
1.54283
1.55087
1.55544
1.55648
1.55396
1.54799
1.53885
1.52697
1.51292
1.49744
1.48136
1.46627
1.45211
25.2082
25.2089
25.2075
25.2072
25.2096
25.2145
25.2209
25.2279
25.2348
25.241
25.246
25.2496
25.2515
25.2519
25.2503
25.2468
25.2411
25.2332
25.2231
25.2107
25.1962
25.1795
25.1606
25.1394
25.1158
25.0894
25.0599
25.027
24.99
24.949
24.9049
24.8582
24.8087
24.7562
24.7009
24.6429
24.5822
24.5188
24.4527
24.3839
24.3142
24.2449
24.1771
24.1115
24.0485
23.9887
23.9321
23.8789
23.8291
23.7828
23.7397
23.7
23.6634
23.6298
23.5991
23.5712
23.5458
23.5229
23.5022
23.4836
23.4669
23.4519
23.4383
23.4259
23.4144
23.4034
23.3925
23.3813
23.3693
23.356
23.3407
23.323
23.302
23.2772
23.2478
23.2131
23.1725
23.1252
23.0707
23.0084
22.9377
22.8581
22.7696
22.6716
22.564
22.447
22.3209
22.186
22.0426
21.8907
21.7301
21.5601
21.3798
21.1883
20.9844
20.7673
20.5361
20.29
20.0279
19.7487
19.4513
19.1339
18.7948
18.4321
18.0433
17.6259
17.1771
16.6939
16.1735
15.6144
15.0172
14.3861
13.7279
13.051
12.3648
11.6776
10.995
10.3205
9.65712
9.00884
8.38037
7.7715
7.19037
6.64468
6.12263
5.62081
5.15597
4.72417
4.31131
3.92607
3.57968
3.26591
2.98227
2.72972
2.50593
2.31029
2.14365
1.999
1.87365
1.76862
1.67923
1.60253
1.53701
1.48155
1.43507
1.39667
1.36551
1.34076
1.32194
1.30837
1.29962
1.29533
1.29516
1.29878
1.3059
1.31616
1.32925
1.34491
1.36283
1.38247
1.40317
1.42436
1.4455
1.46599
1.4851
1.50213
1.51662
1.52816
1.53652
1.54155
1.54318
1.54136
1.53618
1.5279
1.5169
1.50372
1.48901
1.47348
1.45833
1.44323
25.2823
25.2799
25.2739
25.2695
25.2685
25.2707
25.275
25.2803
25.2857
25.2906
25.2943
25.2968
25.2978
25.2971
25.2947
25.2904
25.284
25.2756
25.265
25.2522
25.2373
25.2201
25.2006
25.1786
25.1539
25.1263
25.0956
25.0613
25.0233
24.9816
24.9365
24.8882
24.8368
24.7823
24.725
24.6651
24.6028
24.5384
24.4724
24.405
24.3374
24.2704
24.2047
24.1409
24.0795
24.0208
23.9652
23.9127
23.8634
23.8175
23.7747
23.7351
23.6985
23.6649
23.6341
23.6059
23.5803
23.5571
23.536
23.5169
23.4997
23.484
23.4697
23.4565
23.4439
23.4318
23.4196
23.4069
23.3933
23.378
23.3607
23.3406
23.317
23.2893
23.2567
23.2186
23.1742
23.123
23.0641
22.9971
22.9214
22.8367
22.7421
22.6378
22.5235
22.3995
22.266
22.1234
21.972
21.812
21.643
21.4645
21.2755
21.075
20.862
20.6357
20.3952
20.1397
19.8682
19.5798
19.2733
18.9471
18.5996
18.2291
17.8335
17.4105
16.9578
16.473
15.9542
15.4005
14.8131
14.1955
13.5539
12.8955
12.2282
11.5591
10.8935
10.2354
9.5885
8.95646
8.34303
7.74943
7.17816
6.63733
6.12508
5.63403
5.17155
4.74293
4.34126
3.96473
3.62002
3.30957
3.02906
2.77863
2.55599
2.35862
2.1888
2.04123
1.91307
1.8044
1.71173
1.63217
1.56403
1.5061
1.45726
1.41653
1.38309
1.35615
1.33519
1.31951
1.30869
1.30237
1.30019
1.30187
1.3071
1.31558
1.327
1.3411
1.35753
1.37576
1.39522
1.41534
1.43558
1.45533
1.47389
1.49059
1.50493
1.51651
1.52505
1.53038
1.53238
1.53102
1.52636
1.51865
1.50825
1.49563
1.48139
1.46611
1.45065
1.4347
25.3864
25.3806
25.3689
25.3592
25.3534
25.3517
25.3526
25.355
25.3577
25.3601
25.3616
25.362
25.3611
25.3586
25.3544
25.3484
25.3405
25.3307
25.3188
25.3048
25.2887
25.2703
25.2496
25.2263
25.2002
25.1711
25.1388
25.1031
25.0638
25.0209
24.9746
24.9251
24.8725
24.817
24.7588
24.6984
24.6361
24.5722
24.5072
24.4415
24.3759
24.3109
24.2472
24.1852
24.1253
24.0679
24.0132
23.9614
23.9126
23.8668
23.824
23.7842
23.7473
23.7132
23.6818
23.6529
23.6265
23.6024
23.5803
23.5601
23.5416
23.5246
23.5088
23.4938
23.4795
23.4653
23.4508
23.4357
23.4194
23.4012
23.3807
23.3571
23.3298
23.298
23.2612
23.2185
23.1692
23.1126
23.0481
22.9751
22.893
22.8014
22.6997
22.5877
22.4653
22.3327
22.1902
22.0383
21.8772
21.7073
21.5281
21.3393
21.1398
20.9287
20.7051
20.4682
20.2171
19.9511
19.6695
19.3712
19.0552
18.7203
18.3649
17.9876
17.5865
17.1597
16.7055
16.222
15.7079
15.163
14.5887
13.9881
13.3665
12.7299
12.085
11.4377
10.793
10.1552
9.52771
8.91415
8.31751
7.73926
7.18134
6.65018
6.1465
5.66529
5.21011
4.78617
4.39058
4.02075
3.68034
3.37204
3.09278
2.84259
2.61916
2.41979
2.24639
2.09513
1.96335
1.8504
1.75367
1.67048
1.59902
1.53796
1.48613
1.44253
1.40631
1.37676
1.35315
1.33499
1.32175
1.31308
1.30864
1.30813
1.31129
1.31782
1.32742
1.33983
1.35467
1.37146
1.38963
1.40866
1.42799
1.44699
1.465
1.48134
1.4955
1.50706
1.5157
1.52122
1.52346
1.52239
1.51808
1.51075
1.50073
1.48848
1.47449
1.45927
1.44343
1.42675
25.5204
25.5105
25.4928
25.4769
25.4655
25.4587
25.4551
25.4533
25.4522
25.451
25.4493
25.4466
25.4428
25.4376
25.4308
25.4224
25.4122
25.4003
25.3865
25.3707
25.3527
25.3326
25.3101
25.285
25.2572
25.2263
25.1923
25.155
25.1143
25.0702
25.0229
24.9724
24.9191
24.8632
24.8049
24.7448
24.683
24.62
24.5563
24.4922
24.4284
24.3652
24.3032
24.2427
24.1841
24.1277
24.0737
24.0223
23.9737
23.9278
23.8847
23.8444
23.8068
23.7719
23.7396
23.7097
23.682
23.6566
23.6331
23.6113
23.5911
23.5723
23.5545
23.5374
23.5207
23.5039
23.4868
23.4687
23.4491
23.4275
23.4032
23.3756
23.3439
23.3076
23.2658
23.2178
23.1628
23.1002
23.0293
22.9495
22.8602
22.7608
22.6508
22.5301
22.3985
22.2561
22.1034
21.9409
21.7688
21.5876
21.397
21.1966
20.9854
20.7627
20.5274
20.2789
20.0166
19.7397
19.4476
19.1395
18.8145
18.4714
18.1091
17.7261
17.3211
16.8925
16.4389
15.959
15.4519
14.9179
14.3584
13.7762
13.1756
12.5619
11.9405
11.3166
10.6948
10.079
9.47249
8.87855
8.29972
7.73773
7.19473
6.67541
6.18118
5.70971
5.26306
4.84485
4.45431
4.09002
3.75382
3.44721
3.16845
2.9175
2.6923
2.49076
2.31365
2.15829
2.02233
1.90477
1.80352
1.71616
1.64083
1.57612
1.52082
1.4739
1.43446
1.40181
1.37528
1.35433
1.33839
1.32712
1.32017
1.31728
1.31818
1.32259
1.33024
1.34083
1.354
1.36927
1.38611
1.404
1.42237
1.44061
1.45803
1.47397
1.48791
1.49939
1.50806
1.51367
1.51606
1.51517
1.51107
1.50397
1.4942
1.48214
1.46827
1.45299
1.43674
1.4194
25.683
25.6685
25.6446
25.622
25.6044
25.5917
25.5826
25.5757
25.5699
25.5642
25.5582
25.5516
25.544
25.5351
25.525
25.5135
25.5004
25.4857
25.4692
25.451
25.4307
25.4083
25.3836
25.3563
25.3264
25.2935
25.2576
25.2186
25.1764
25.1311
25.0828
25.0317
24.9779
24.9218
24.8637
24.8039
24.7428
24.6807
24.6181
24.5554
24.4928
24.4309
24.3701
24.3106
24.2529
24.1971
24.1435
24.0922
24.0434
23.9971
23.9535
23.9124
23.8739
23.838
23.8044
23.7732
23.7442
23.7172
23.692
23.6685
23.6465
23.6257
23.6057
23.5864
23.5672
23.5479
23.5279
23.5068
23.484
23.4589
23.4309
23.3992
23.3632
23.3222
23.2753
23.2219
23.1612
23.0923
23.0147
22.9276
22.8306
22.7229
22.6041
22.4739
22.3323
22.1795
22.0157
21.8416
21.6576
21.4642
21.2612
21.0482
20.8244
20.5892
20.3416
20.0811
19.807
19.519
19.2165
18.8988
18.5651
18.2146
17.8462
17.4588
17.0512
16.6223
16.1708
15.696
15.1973
14.6751
14.1309
13.5671
12.9876
12.3965
11.7986
11.1982
10.5996
10.0061
9.42093
8.8469
8.28634
7.74115
7.21359
6.70709
6.22333
5.76179
5.32391
4.91213
4.52676
4.16737
3.8349
3.52991
3.25149
2.99956
2.77252
2.56848
2.38766
2.2281
2.08778
1.96552
1.85955
1.76771
1.68816
1.61944
1.56031
1.50972
1.46676
1.43071
1.40097
1.37696
1.35811
1.34402
1.33439
1.32893
1.32742
1.32958
1.33515
1.34381
1.35522
1.3689
1.38436
1.40106
1.41843
1.43586
1.45266
1.46816
1.48182
1.49318
1.50182
1.50745
1.5099
1.5091
1.50511
1.49814
1.48848
1.47651
1.46263
1.44722
1.43056
1.41264
25.8731
25.8538
25.8235
25.794
25.7696
25.7504
25.735
25.7221
25.7105
25.6995
25.6885
25.677
25.6647
25.6515
25.6373
25.6219
25.6051
25.587
25.5673
25.546
25.5229
25.4977
25.4703
25.4406
25.4082
25.3732
25.3352
25.2944
25.2507
25.2041
25.1548
25.1029
25.0487
24.9924
24.9343
24.8747
24.8141
24.7526
24.6907
24.6287
24.567
24.5059
24.4457
24.3867
24.3293
24.2736
24.2199
24.1684
24.1191
24.0722
24.0277
23.9857
23.9461
23.9089
23.8741
23.8414
23.8109
23.7823
23.7555
23.7303
23.7064
23.6836
23.6617
23.6403
23.6189
23.5973
23.5748
23.5511
23.5254
23.4972
23.4658
23.4306
23.3907
23.3454
23.2939
23.2354
23.1691
23.0942
23.01
22.9158
22.811
22.6949
22.567
22.4271
22.2751
22.1111
21.9357
21.7494
21.5528
21.3463
21.1301
20.9037
20.6667
20.4182
20.1577
19.8846
19.5986
19.2992
18.9862
18.659
18.317
17.9596
17.5858
17.1947
16.7855
16.3571
15.9087
15.4397
14.9499
14.4398
13.9107
13.365
12.8056
12.2363
11.661
11.0835
10.5074
9.93588
9.37169
8.81736
8.27504
7.74672
7.23462
6.7414
6.26881
5.81738
5.38833
4.98343
4.6035
4.24878
3.91973
3.61645
3.33846
3.08571
2.857
2.65041
2.46603
2.30238
2.15776
2.03088
1.92018
1.82374
1.73978
1.66683
1.60364
1.54914
1.50243
1.46276
1.42958
1.40232
1.38039
1.36334
1.35087
1.34273
1.33867
1.33846
1.34184
1.34849
1.35805
1.37008
1.38409
1.39955
1.41589
1.43246
1.44859
1.46361
1.47697
1.48815
1.4967
1.5023
1.50474
1.50396
1.50001
1.49307
1.48344
1.47147
1.45751
1.4419
1.42486
1.40641
26.0896
26.0654
26.0287
25.9923
25.9608
25.9343
25.9118
25.892
25.8739
25.8565
25.8394
25.8221
25.8044
25.786
25.7669
25.7468
25.7258
25.7036
25.6801
25.6552
25.6287
25.6003
25.57
25.5374
25.5024
25.4649
25.4248
25.3821
25.3367
25.2887
25.2382
25.1855
25.1306
25.0739
25.0157
24.9561
24.8955
24.8342
24.7726
24.7108
24.6493
24.5884
24.5283
24.4693
24.4118
24.3558
24.3016
24.2495
24.1994
24.1516
24.1061
24.0629
24.0221
23.9836
23.9473
23.9131
23.8811
23.8509
23.8225
23.7956
23.7701
23.7456
23.722
23.6988
23.6757
23.6522
23.6278
23.602
23.5742
23.5437
23.5097
23.4716
23.4286
23.3799
23.3245
23.2617
23.1906
23.1103
23.0201
22.9192
22.8069
22.6826
22.5458
22.3961
22.2335
22.0582
21.8707
21.6717
21.4618
21.2417
21.0115
20.7711
20.52
20.2576
19.9835
19.6973
19.3988
19.0877
18.764
18.4272
18.077
17.7128
17.3338
16.9395
16.529
16.1016
15.6567
15.1938
14.7129
14.2146
13.7001
13.1714
12.6311
12.0824
11.5286
10.9729
10.4184
9.86796
9.32403
8.78886
8.26446
7.75278
7.25591
6.77609
6.31505
5.87382
5.45361
5.05581
4.68154
4.33141
4.00571
3.70431
3.42692
3.17375
2.94342
2.73441
2.54676
2.37934
2.23062
2.09932
1.98403
1.88302
1.7946
1.71731
1.64993
1.59139
1.54077
1.49735
1.46056
1.42992
1.4048
1.38468
1.36927
1.35832
1.35163
1.34896
1.35005
1.3546
1.36225
1.37257
1.38508
1.39924
1.41448
1.43016
1.44558
1.46011
1.47313
1.48408
1.49249
1.498
1.50039
1.49957
1.49559
1.48862
1.47895
1.46692
1.45284
1.437
1.41959
1.40068
26.3314
26.3022
26.2594
26.2161
26.1771
26.1429
26.1127
26.0851
26.0593
26.0346
26.0104
25.9864
25.9622
25.9378
25.913
25.8877
25.8617
25.8348
25.807
25.778
25.7476
25.7157
25.682
25.6463
25.6085
25.5685
25.526
25.4812
25.434
25.3845
25.3328
25.279
25.2233
25.1659
25.1071
25.0472
24.9863
24.9248
24.863
24.8011
24.7394
24.6781
24.6177
24.5583
24.5001
24.4434
24.3885
24.3353
24.2842
24.2352
24.1884
24.1438
24.1016
24.0615
24.0237
23.9879
23.9543
23.9225
23.8925
23.8641
23.837
23.8112
23.7861
23.7616
23.7372
23.7125
23.6869
23.6599
23.6308
23.5989
23.5634
23.5236
23.4786
23.4275
23.3695
23.3035
23.2287
23.144
23.0487
22.9419
22.8229
22.691
22.5457
22.3865
22.2135
22.0268
21.8271
21.6151
21.3915
21.1572
20.9124
20.6571
20.3912
20.1141
19.8256
19.5255
19.2139
18.8906
18.5557
18.209
17.8502
17.479
17.0949
16.6973
16.2856
15.8592
15.4176
14.9606
14.4883
14.0011
13.5003
12.9876
12.4652
11.9357
11.4019
10.8667
10.3327
9.8023
9.27773
8.76099
8.25395
7.75847
7.27648
6.80996
6.36056
5.92953
5.51812
5.12765
4.75924
4.4136
4.09111
3.79171
3.51516
3.26182
3.03025
2.81906
2.6284
2.45747
2.30489
2.16945
2.04982
1.94441
1.85159
1.76998
1.69839
1.63575
1.58116
1.53391
1.49345
1.4593
1.43093
1.40768
1.38927
1.37545
1.36604
1.36082
1.35956
1.36194
1.36762
1.37617
1.38712
1.39993
1.41404
1.42878
1.44348
1.45747
1.47011
1.48079
1.48902
1.4944
1.4967
1.49579
1.49173
1.48469
1.47493
1.46278
1.44854
1.43247
1.41471
1.39539
26.5969
26.5627
26.5142
26.4644
26.4181
26.376
26.3375
26.3016
26.2675
26.2346
26.2025
26.1709
26.1396
26.1084
26.0771
26.0457
26.014
25.9818
25.949
25.9154
25.8807
25.8448
25.8073
25.7683
25.7274
25.6845
25.6396
25.5925
25.5434
25.4921
25.4389
25.3839
25.3271
25.2689
25.2093
25.1487
25.0872
25.0251
24.9627
24.9002
24.8379
24.7759
24.7147
24.6544
24.5952
24.5374
24.4812
24.4267
24.3741
24.3236
24.2751
24.2288
24.1848
24.1429
24.1033
24.0657
24.0302
23.9967
23.965
23.935
23.9065
23.8793
23.8531
23.8277
23.8025
23.7772
23.7512
23.7239
23.6945
23.6623
23.6266
23.5864
23.5408
23.4889
23.4297
23.362
23.285
23.1974
23.0985
22.987
22.8624
22.7238
22.5709
22.4029
22.2199
22.0222
21.8104
21.5852
21.3478
21.0988
20.8388
20.568
20.2864
19.9937
19.69
19.3752
19.0495
18.7133
18.3665
18.0092
17.6414
17.2628
16.8732
16.4719
16.0586
15.6329
15.1943
14.7427
14.2782
13.8013
13.3131
12.815
12.3089
11.7972
11.282
10.7658
10.2509
9.73935
9.23307
8.73387
8.24347
7.76359
7.29601
6.84249
6.4046
5.9838
5.58134
5.19805
4.83531
4.49413
4.17503
3.87789
3.60252
3.34939
3.11694
2.9039
2.71053
2.53629
2.38004
2.24059
2.11669
2.00694
1.90981
1.82398
1.74824
1.68156
1.62302
1.57194
1.52778
1.49014
1.45843
1.43203
1.41057
1.39384
1.38167
1.37387
1.37019
1.37035
1.374
1.38072
1.39006
1.40149
1.41441
1.4282
1.44216
1.45559
1.4678
1.47818
1.48618
1.4914
1.49355
1.49252
1.48834
1.48118
1.47129
1.459
1.44458
1.42827
1.4102
1.39051
26.8848
26.8459
26.7925
26.7371
26.6841
26.6345
26.588
26.5438
26.5012
26.4599
26.4195
26.3798
26.3406
26.3018
26.2634
26.2251
26.187
26.1487
26.1101
26.0711
26.0314
25.9909
25.9492
25.9062
25.8618
25.8157
25.7679
25.7183
25.6669
25.6136
25.5587
25.5021
25.444
25.3845
25.3238
25.2621
25.1996
25.1366
25.0732
25.0096
24.9462
24.8831
24.8206
24.7589
24.6982
24.6387
24.5807
24.5243
24.4697
24.4171
24.3664
24.3179
24.2716
24.2274
24.1854
24.1456
24.1078
24.0722
24.0384
24.0066
23.9764
23.9479
23.9207
23.8945
23.869
23.8436
23.8179
23.7911
23.7626
23.7314
23.6968
23.6577
23.6133
23.5623
23.5037
23.4363
23.3589
23.2704
23.1696
23.0553
22.9268
22.7832
22.6237
22.4481
22.2561
22.048
21.8246
21.5867
21.3354
21.0716
20.7961
20.5092
20.2112
19.9022
19.5823
19.2519
18.9115
18.5613
18.2018
17.8333
17.4557
17.0691
16.6732
16.2677
15.8523
15.4266
14.9902
14.5432
14.0855
13.6177
13.1407
12.6557
12.1644
11.6687
11.1704
10.6716
10.1743
9.68014
9.19091
8.70817
8.23348
7.76842
7.31461
6.8737
6.44728
6.03643
5.64243
5.26607
4.90903
4.57235
4.25673
3.96212
3.68835
3.43595
3.203
2.98857
2.79289
2.61563
2.45587
2.31253
2.18446
2.0704
1.96898
1.87887
1.79896
1.72822
1.66577
1.61091
1.56309
1.52192
1.48693
1.45741
1.43292
1.41328
1.39833
1.3879
1.38177
1.37967
1.38126
1.38613
1.39382
1.40383
1.41557
1.42838
1.44156
1.45437
1.46612
1.47615
1.48389
1.4889
1.49088
1.48969
1.48535
1.47803
1.46799
1.45553
1.44092
1.42438
1.40602
1.38601
27.193
27.1501
27.0933
27.0339
26.9755
26.9195
26.8656
26.8135
26.7626
26.7129
26.664
26.6158
26.5683
26.5214
26.4751
26.4293
26.3838
26.3386
26.2934
26.2482
26.2027
26.1567
26.1099
26.0623
26.0136
25.9637
25.9124
25.8597
25.8054
25.7497
25.6924
25.6338
25.5738
25.5126
25.4503
25.3871
25.3231
25.2586
25.1936
25.1285
25.0635
24.9986
24.9342
24.8705
24.8077
24.7459
24.6855
24.6265
24.5693
24.5138
24.4603
24.4089
24.3595
24.3124
24.2674
24.2246
24.184
24.1455
24.1092
24.075
24.0428
24.0126
23.9842
23.9573
23.9316
23.9066
23.8817
23.8563
23.8295
23.8006
23.7685
23.7321
23.6905
23.6424
23.5866
23.5216
23.4462
23.359
23.2587
23.1439
23.0136
22.8669
22.7031
22.5216
22.3222
22.1053
21.8714
21.6217
21.3572
21.079
20.7881
20.4851
20.1704
19.8446
19.508
19.1614
18.8053
18.4404
18.0675
17.6868
17.2986
16.9032
16.5003
16.0898
15.6713
15.2447
14.8096
14.3659
13.9138
13.4536
12.9862
12.5126
12.0342
11.5525
11.0692
10.5859
10.1044
9.62603
9.15238
8.68481
8.22471
7.7735
7.33283
6.90419
6.48853
6.08697
5.70084
5.33113
4.97945
4.64729
4.33534
4.04357
3.77173
3.52024
3.28742
3.07209
2.87458
2.69476
2.53189
2.38499
2.253
2.13476
2.02906
1.93468
1.85056
1.77574
1.70934
1.65067
1.59917
1.55447
1.51619
1.4836
1.45613
1.4336
1.41587
1.40282
1.39424
1.38986
1.38937
1.39236
1.39841
1.40698
1.4175
1.42929
1.44163
1.45379
1.46503
1.47467
1.48211
1.48688
1.48865
1.48726
1.48273
1.47522
1.46499
1.45234
1.43753
1.42076
1.40215
1.38186
27.5183
27.4735
27.4147
27.3513
27.2871
27.2238
27.1618
27.1011
27.0413
26.9826
26.9247
26.8677
26.8115
26.7562
26.7017
26.6479
26.5947
26.5421
26.4899
26.4379
26.386
26.3339
26.2815
26.2287
26.1751
26.1207
26.0652
26.0087
25.9511
25.8922
25.8321
25.7707
25.7083
25.6448
25.5803
25.515
25.4491
25.3825
25.3156
25.2485
25.1813
25.1142
25.0475
24.9813
24.9159
24.8514
24.7881
24.7261
24.6657
24.6069
24.5501
24.4952
24.4423
24.3916
24.3431
24.2967
24.2526
24.2107
24.1712
24.134
24.0992
24.0668
24.0368
24.0089
23.9828
23.9581
23.9342
23.9104
23.8858
23.8596
23.8307
23.798
23.7603
23.7163
23.6646
23.6037
23.532
23.448
23.3501
23.2369
23.107
22.9593
22.7931
22.6078
22.4032
22.1794
21.9371
21.6774
21.4015
21.1105
20.8057
20.4879
20.1578
19.8162
19.4639
19.1019
18.7311
18.3523
17.9665
17.5742
17.176
16.7719
16.3622
15.9466
15.5249
15.0969
14.6623
14.2211
13.7733
13.3192
12.8596
12.3952
11.9274
11.4574
10.9866
10.5164
10.0483
9.58342
9.12319
8.66882
8.22152
7.78286
7.35414
6.93606
6.5297
6.13624
5.75687
5.39313
5.04664
4.71872
4.41022
4.12121
3.85138
3.60098
3.36858
3.15272
2.95376
2.77179
2.60621
2.45614
2.32061
2.19855
2.08885
1.99041
1.90223
1.82339
1.75308
1.69061
1.63546
1.58726
1.54568
1.51008
1.4797
1.45433
1.43389
1.41827
1.40727
1.40065
1.39811
1.39925
1.40365
1.41078
1.42004
1.43078
1.44226
1.45373
1.46443
1.47365
1.48076
1.48525
1.48677
1.48516
1.4804
1.47268
1.46225
1.4494
1.43438
1.41741
1.39857
1.37803
27.8737
27.8219
27.7541
27.6811
27.6064
27.5321
27.459
27.387
27.3164
27.2471
27.1791
27.1125
27.0471
26.983
26.9201
26.8584
26.7976
26.7377
26.6785
26.6198
26.5615
26.5033
26.4451
26.3868
26.3282
26.2691
26.2093
26.1488
26.0875
26.0253
25.962
25.8975
25.8324
25.7664
25.6995
25.6319
25.5637
25.4947
25.4257
25.3564
25.287
25.2177
25.1487
25.0801
25.0121
24.9449
24.8787
24.8138
24.7502
24.6882
24.6279
24.5695
24.513
24.4586
24.4063
24.3561
24.3081
24.2624
24.2191
24.1784
24.1404
24.1052
24.0728
24.0432
24.016
23.9909
23.9673
23.9444
23.9214
23.8974
23.8712
23.8418
23.8078
23.768
23.7206
23.6641
23.5967
23.5167
23.4223
23.3119
23.1838
23.037
22.8705
22.6836
22.4764
22.2486
22.0008
21.7343
21.4502
21.1499
20.8345
20.5053
20.1632
19.8092
19.4446
19.0703
18.6876
18.2977
17.9014
17.4997
17.0931
16.682
16.2664
15.8463
15.4216
14.992
14.5572
14.1172
13.6721
13.2222
12.768
12.3103
11.8502
11.3889
10.9275
10.4672
10.0093
9.55509
9.10556
8.66202
8.2257
7.79743
7.37806
6.96846
6.56962
6.18273
5.80939
5.45106
5.10916
4.78503
4.47967
4.19326
3.92546
3.67635
3.44458
3.22856
3.02857
2.8449
2.67708
2.52431
2.38569
2.26025
2.14698
2.04487
1.95297
1.87041
1.79643
1.73037
1.67173
1.62015
1.57539
1.53681
1.5036
1.47549
1.4524
1.43426
1.4209
1.41208
1.4075
1.40679
1.40952
1.41517
1.42316
1.43282
1.4434
1.45415
1.46428
1.47305
1.4798
1.48399
1.48524
1.48336
1.47836
1.4704
1.45974
1.44668
1.43146
1.41429
1.39526
1.3745
28.2286
28.1673
28.0881
28.0045
27.9188
27.8331
27.7484
27.665
27.583
27.5027
27.424
27.3471
27.2719
27.1985
27.1268
27.0566
26.988
26.9208
26.8548
26.7892
26.7249
26.6612
26.5979
26.5346
26.4714
26.408
26.3443
26.2801
26.2153
26.1498
26.0836
26.0165
25.9487
25.8801
25.8107
25.7407
25.67
25.5989
25.5275
25.4559
25.3841
25.3124
25.2408
25.1696
25.0988
25.0287
24.9595
24.8913
24.8244
24.7589
24.695
24.6328
24.5726
24.5143
24.4579
24.4036
24.3514
24.3015
24.2539
24.209
24.1671
24.1284
24.093
24.0609
24.0321
24.0061
23.9823
23.96
23.9383
23.9163
23.893
23.8671
23.8373
23.8023
23.7602
23.7094
23.6478
23.5736
23.4846
23.3791
23.2553
23.1118
22.9476
22.7622
22.5546
22.3256
22.0752
21.8046
21.5151
21.208
20.8847
20.5465
20.1946
19.8304
19.4551
19.0702
18.677
18.2769
17.871
17.4603
17.0455
16.6272
16.2054
15.7802
15.3515
14.9191
14.4828
14.0424
13.5981
13.1502
12.6991
12.2456
11.7908
11.3355
10.881
10.4282
9.97845
9.53285
9.09257
8.65849
8.23107
7.81124
7.39988
6.99749
6.60527
6.22474
5.85722
5.50404
5.16656
4.84615
4.54391
4.26021
3.99467
3.74716
3.51641
3.30067
3.10016
2.91533
2.74579
2.59083
2.44961
2.32125
2.20481
2.09938
2.00407
1.91806
1.84063
1.77116
1.70917
1.6543
1.60636
1.56487
1.52888
1.49804
1.4723
1.45162
1.43586
1.42478
1.41811
1.41548
1.41647
1.42058
1.42721
1.43571
1.44534
1.45529
1.46479
1.47305
1.47938
1.4832
1.48412
1.48194
1.47664
1.4684
1.45749
1.4442
1.42878
1.41141
1.39219
1.37126
28.5372
28.4707
28.3872
28.298
28.2062
28.1142
28.0224
27.9314
27.8415
27.7528
27.6658
27.5804
27.4973
27.416
27.3364
27.2587
27.1826
27.1082
27.0353
26.9637
26.8934
26.8242
26.7557
26.6878
26.6203
26.5529
26.4856
26.418
26.3501
26.2817
26.2127
26.1431
26.0727
26.0017
25.93
25.8577
25.7848
25.7114
25.6377
25.5636
25.4893
25.415
25.3406
25.2664
25.1925
25.119
25.0462
24.9743
24.9034
24.8338
24.7658
24.6994
24.6349
24.5722
24.5113
24.4523
24.3953
24.3403
24.2878
24.238
24.1914
24.1483
24.1091
24.074
24.0429
24.0154
23.9911
23.9691
23.9487
23.9289
23.9087
23.8869
23.8623
23.8332
23.7979
23.7544
23.7005
23.6341
23.5529
23.4547
23.3376
23.2
23.0405
22.8584
22.6533
22.4251
22.1741
21.9011
21.6075
21.2946
20.964
20.6171
20.2553
19.8802
19.4934
19.0965
18.6911
18.2788
17.8612
17.4393
17.0141
16.5862
16.156
15.7236
15.2889
14.8517
14.412
13.9695
13.5245
13.0771
12.6278
12.1773
11.7265
11.2764
10.828
10.3823
9.94047
9.50334
9.07155
8.64601
8.22715
7.81564
7.41203
7.01732
6.63272
6.25935
5.89837
5.55103
5.21866
4.90263
4.60416
4.32379
4.06114
3.81589
3.5868
3.37198
3.17155
2.98611
2.81537
2.65868
2.51527
2.38433
2.26502
2.1565
2.05795
1.96861
1.8878
1.81493
1.74956
1.69137
1.64018
1.59567
1.55681
1.52314
1.49463
1.47128
1.45297
1.4395
1.43059
1.4259
1.425
1.42742
1.43258
1.4398
1.44833
1.45739
1.46615
1.4738
1.47961
1.483
1.48351
1.48095
1.4753
1.46674
1.45553
1.44198
1.42634
1.40878
1.38939
1.36828
28.7988
28.7289
28.6432
28.5526
28.46
28.3666
28.2728
28.1789
28.0854
27.9926
27.9008
27.8102
27.7212
27.6338
27.5482
27.4643
27.3821
27.3015
27.2226
27.1453
27.0693
26.9946
26.921
26.8483
26.7764
26.705
26.6339
26.563
26.492
26.4207
26.3491
26.277
26.2043
26.1311
26.0573
25.983
25.9081
25.8327
25.7569
25.6807
25.6041
25.5274
25.4504
25.3733
25.2963
25.2195
25.1431
25.0673
24.9924
24.9186
24.8462
24.7753
24.7061
24.6386
24.5728
24.5087
24.4462
24.3857
24.3274
24.272
24.2198
24.1716
24.1277
24.0886
24.0542
24.0243
23.9984
23.9758
23.9557
23.9373
23.9195
23.9013
23.8813
23.858
23.8295
23.7937
23.7482
23.6906
23.6182
23.5287
23.4199
23.2901
23.1374
22.9603
22.7594
22.5342
22.2845
22.011
21.7148
21.3974
21.0604
20.7052
20.3337
19.9474
19.5484
19.1384
18.7195
18.2935
17.8621
17.4268
16.9888
16.549
16.1079
15.6658
15.2228
14.7787
14.3336
13.8874
13.4401
12.9919
12.5434
12.0951
11.6478
11.2027
10.7601
10.321
9.8865
9.45727
9.03387
8.61696
8.20679
7.80406
7.40958
7.02409
6.64839
6.28342
5.93023
5.58996
5.26387
4.95333
4.65966
4.38359
4.12476
3.88267
3.65608
3.44297
3.24335
3.05796
2.88661
2.72869
2.58353
2.45037
2.32848
2.21707
2.11543
2.02284
1.93867
1.86239
1.79359
1.73198
1.67741
1.6297
1.58784
1.5512
1.51977
1.49358
1.47255
1.45651
1.44519
1.43825
1.43531
1.43588
1.43939
1.44518
1.45249
1.46052
1.46841
1.47534
1.48055
1.48339
1.48342
1.48041
1.47434
1.46539
1.45384
1.44001
1.42413
1.40638
1.38682
1.36556
29.01
28.9379
28.8522
28.7651
28.6762
28.586
28.4947
28.4023
28.3091
28.2152
28.1213
28.0278
27.935
27.8433
27.7528
27.6639
27.5765
27.4907
27.4066
27.324
27.2429
27.1633
27.0851
27.008
26.932
26.8569
26.7824
26.7083
26.6344
26.5605
26.4864
26.412
26.3373
26.2622
26.1865
26.1104
26.0338
25.9567
25.8792
25.8012
25.7228
25.644
25.5647
25.4852
25.4054
25.3256
25.2459
25.1665
25.0878
25.01
24.9334
24.8583
24.7848
24.7127
24.6421
24.5728
24.505
24.4387
24.3745
24.313
24.2547
24.2006
24.1513
24.1071
24.0683
24.0348
24.006
23.9813
23.96
23.9413
23.9244
23.9082
23.8915
23.8727
23.8501
23.8213
23.7837
23.7347
23.6713
23.5909
23.4911
23.3698
23.2251
23.0556
22.8607
22.6401
22.3934
22.1212
21.8241
21.5038
21.1617
20.7994
20.4189
20.0219
19.6108
19.1873
18.7539
18.3132
17.8668
17.4166
16.964
16.5104
16.0565
15.6028
15.1495
14.6968
14.2447
13.7931
13.3422
12.8922
12.4434
11.9963
11.5517
11.1107
10.673
10.24
9.81248
9.39095
8.97579
8.56764
8.16703
7.77448
7.39041
7.0153
6.64976
6.29451
5.95044
5.61856
5.30007
4.99629
4.7086
4.4379
4.18391
3.94594
3.72277
3.51224
3.31424
3.12963
2.95831
2.79974
2.65332
2.51837
2.39423
2.28022
2.17569
2.07999
1.99256
1.9129
1.84064
1.77555
1.71753
1.66649
1.62153
1.5818
1.54732
1.51816
1.49428
1.47552
1.46164
1.45232
1.44718
1.44576
1.44749
1.45172
1.45768
1.46456
1.47148
1.4776
1.4821
1.48432
1.48379
1.48026
1.47371
1.46432
1.4524
1.43826
1.42213
1.40418
1.38446
1.36305
29.1712
29.0976
29.0151
28.9355
28.8548
28.7719
28.6865
28.5982
28.5074
28.4144
28.32
28.2249
28.1297
28.035
27.941
27.8483
27.7568
27.6667
27.5782
27.4913
27.406
27.3222
27.24
27.1592
27.0798
27.0014
26.9239
26.847
26.7706
26.6943
26.6181
26.5418
26.4652
26.3884
26.3112
26.2336
26.1556
26.0772
25.9983
25.9189
25.839
25.7585
25.6775
25.5959
25.5138
25.4314
25.3489
25.2666
25.1846
25.1034
25.0233
24.9446
24.8673
24.7913
24.7165
24.6427
24.5699
24.4983
24.4284
24.3608
24.2964
24.236
24.1806
24.1307
24.0865
24.0481
24.015
23.9867
23.9626
23.942
23.9241
23.9083
23.8932
23.8776
23.8595
23.8366
23.8063
23.7656
23.7113
23.6404
23.5503
23.4387
23.3035
23.1428
22.9557
22.7415
22.4997
22.2307
21.9345
21.6128
21.2668
20.8983
20.5092
20.1016
19.6778
19.2404
18.7918
18.3347
17.8714
17.4043
16.9351
16.4655
15.9964
15.5288
15.0632
14.5998
14.1388
13.6802
13.2242
12.771
12.3209
11.8742
11.4316
10.9939
10.561
10.1339
9.71321
9.29958
8.89347
8.49539
8.10562
7.72441
7.35196
6.98854
6.63452
6.29042
5.95693
5.63493
5.3255
5.0299
4.74953
4.48541
4.23737
4.00458
3.78582
3.57882
3.38329
3.20026
3.02967
2.87109
2.72396
2.58769
2.46171
2.34542
2.23824
2.13963
2.04905
1.96609
1.8904
1.82182
1.76028
1.70581
1.65763
1.61474
1.57711
1.54485
1.51799
1.49639
1.47982
1.46798
1.46052
1.45698
1.4568
1.45934
1.46384
1.46946
1.47532
1.48052
1.48423
1.48576
1.48459
1.48046
1.47337
1.46351
1.45117
1.43669
1.4203
1.40215
1.38229
1.36074
29.2856
29.2101
29.1357
29.0696
29.0015
28.9288
28.8509
28.7678
28.6801
28.5886
28.4944
28.3984
28.3016
28.2046
28.108
28.0122
27.9175
27.8241
27.7321
27.6417
27.5529
27.4657
27.3802
27.2964
27.214
27.1329
27.0529
26.9738
26.8951
26.8169
26.7388
26.6609
26.5828
26.5047
26.4262
26.3475
26.2685
26.1891
26.1092
26.0289
25.9479
25.8662
25.7838
25.7008
25.6171
25.5328
25.4483
25.3636
25.2793
25.1955
25.1128
25.0313
24.9512
24.8722
24.7941
24.7166
24.6398
24.5636
24.4886
24.4154
24.3451
24.2786
24.2169
24.1608
24.1106
24.0664
24.0279
23.9946
23.9662
23.942
23.9217
23.9045
23.8896
23.8757
23.8609
23.8431
23.8194
23.7867
23.7415
23.6807
23.6011
23.5003
23.3758
23.2256
23.0481
22.8422
22.6074
22.343
22.0494
21.7274
21.3785
21.0042
20.6065
20.1877
19.7502
19.2969
18.8308
18.3549
17.8721
17.3851
16.8963
16.4075
15.9204
15.4362
14.9555
14.4791
14.0071
13.5399
13.0774
12.62
12.1678
11.721
11.2802
10.8457
10.4178
9.99724
9.58452
9.18015
8.78447
8.39774
8.02009
7.65155
7.29213
6.94185
6.60087
6.26948
5.94818
5.63768
5.33891
5.05305
4.78145
4.52523
4.28434
4.05784
3.84454
3.64205
3.44992
3.26929
3.1002
2.94226
2.79501
2.65793
2.53054
2.41232
2.30279
2.20147
2.10791
2.02173
1.94266
1.87059
1.80551
1.74751
1.69603
1.64988
1.609
1.57355
1.54359
1.51902
1.49963
1.48516
1.47524
1.46945
1.46725
1.468
1.47092
1.47518
1.47987
1.48407
1.4869
1.48765
1.48577
1.48099
1.4733
1.4629
1.45012
1.43528
1.41862
1.40027
1.38027
1.3586
29.3582
29.2818
29.224
29.1775
29.1247
29.0629
28.9923
28.9139
28.8289
28.7387
28.6447
28.548
28.4498
28.351
28.2523
28.1541
28.0569
27.9608
27.866
27.7728
27.6812
27.5913
27.5033
27.417
27.3323
27.2491
27.1671
27.086
27.0057
26.9259
26.8464
26.7672
26.6881
26.6089
26.5297
26.4503
26.3707
26.2907
26.2104
26.1296
26.0481
25.9659
25.883
25.7992
25.7146
25.6294
25.5437
25.4578
25.372
25.2868
25.2025
25.1195
25.0377
24.9568
24.8766
24.7966
24.7167
24.6369
24.5577
24.4797
24.4039
24.3316
24.2637
24.2012
24.1446
24.094
24.0493
24.0102
23.9763
23.9475
23.9235
23.9039
23.888
23.8749
23.8629
23.8497
23.8325
23.8079
23.7723
23.7221
23.6539
23.5649
23.4525
23.3141
23.1477
22.9514
22.7244
22.4657
22.1751
21.8531
21.5009
21.12
20.7123
20.2803
19.8266
19.3546
18.8676
18.3692
17.8629
17.3519
16.8393
16.3275
15.8187
15.3143
14.8158
14.3238
13.8389
13.3615
12.8916
12.4294
11.975
11.5285
11.0901
10.66
10.2386
9.82608
9.42293
9.02943
8.64576
8.27201
7.90812
7.55391
7.20917
6.87372
6.54748
6.23053
5.92317
5.62591
5.33952
5.06506
4.80381
4.5569
4.32443
4.1054
3.89862
3.70166
3.51387
3.33649
3.16966
3.01305
2.86628
2.72892
2.60055
2.48078
2.3692
2.2654
2.16901
2.07973
1.99733
1.92177
1.85311
1.79152
1.73663
1.68714
1.6429
1.60415
1.57097
1.54332
1.52099
1.50375
1.49126
1.48311
1.47878
1.47761
1.47886
1.48166
1.48509
1.48819
1.49007
1.48996
1.48729
1.4818
1.47345
1.46248
1.44921
1.43399
1.41706
1.39851
1.37837
1.35659
29.4016
29.3264
29.2942
29.2695
29.2316
29.179
29.1142
29.0391
28.9559
28.8666
28.7727
28.6755
28.5764
28.4763
28.376
28.2762
28.177
28.079
27.9822
27.8869
27.7933
27.7015
27.6116
27.5235
27.4372
27.3524
27.269
27.1867
27.1052
27.0243
26.944
26.864
26.7843
26.7048
26.6253
26.5458
26.4661
26.3863
26.3062
26.2257
26.1445
26.0626
25.9799
25.8964
25.812
25.7269
25.6412
25.5551
25.4692
25.3837
25.2992
25.2158
25.1335
25.052
24.9709
24.8896
24.8077
24.7253
24.6427
24.5605
24.4799
24.4021
24.3282
24.2594
24.1962
24.1389
24.0876
24.0421
24.0024
23.9684
23.9402
23.9178
23.9008
23.8885
23.8793
23.8711
23.861
23.8454
23.8204
23.7819
23.7262
23.65
23.5504
23.4246
23.2697
23.0833
22.8638
22.61
22.3211
21.9972
21.6392
21.2486
20.8274
20.3781
19.9038
19.4082
18.8953
18.3693
17.8344
17.2945
16.7534
16.2141
15.6796
15.1518
14.6325
14.1229
13.6237
13.1352
12.6578
12.1912
11.7355
11.2905
10.8562
10.4324
10.0193
9.61696
9.22548
8.84497
8.47543
8.11671
7.76857
7.43063
7.10247
6.78371
6.47405
6.17338
5.88177
5.59955
5.32731
5.06596
4.81664
4.5805
4.35774
4.14733
3.94813
3.75769
3.57518
3.4019
3.23807
3.08347
2.93776
2.80062
2.67172
2.55075
2.43739
2.33133
2.23228
2.13998
2.05431
1.97526
1.90298
1.83774
1.77932
1.72639
1.6787
1.63652
1.60002
1.56916
1.54378
1.52366
1.50848
1.49786
1.49127
1.4881
1.48757
1.48883
1.49091
1.49284
1.49369
1.49265
1.48913
1.48285
1.4738
1.4622
1.44842
1.4328
1.41557
1.39683
1.37657
1.35467
29.4315
29.3683
29.3578
29.3528
29.3262
29.2798
29.2186
29.1458
29.064
28.9757
28.8824
28.7855
28.6864
28.586
28.4852
28.3847
28.2848
28.1859
28.0882
27.992
27.8974
27.8046
27.7138
27.6249
27.5378
27.4525
27.3685
27.2857
27.2038
27.1227
27.0422
26.9623
26.8828
26.8036
26.7247
26.6459
26.5672
26.4884
26.4094
26.3301
26.2503
26.1698
26.0885
26.0064
25.9234
25.8397
25.7553
25.6705
25.5857
25.5013
25.4178
25.3353
25.2538
25.1729
25.0919
25.0101
24.9272
24.843
24.7576
24.6718
24.5868
24.5037
24.424
24.3489
24.2791
24.2152
24.1573
24.1056
24.0603
24.0216
23.99
23.9657
23.9487
23.9384
23.9336
23.9321
23.9309
23.9261
23.9134
23.8882
23.8463
23.7837
23.6974
23.5838
23.4396
23.2614
23.0471
22.7949
22.5034
22.1724
21.8029
21.396
20.9541
20.4799
19.9771
19.4499
18.9031
18.3417
17.7707
17.1951
16.6194
16.0475
15.4828
14.9282
14.3857
13.8569
13.3427
12.8435
12.3594
11.8901
11.4352
10.9942
10.5668
10.1524
9.75083
9.3618
8.98517
8.62076
8.26831
7.92747
7.59777
7.27865
6.96949
6.66973
6.3789
6.09667
5.82293
5.55781
5.30172
5.05538
4.81981
4.59608
4.38447
4.18397
3.99352
3.8107
3.63447
3.46619
3.30616
3.15424
3.0102
2.87378
2.74477
2.62293
2.50805
2.3999
2.29828
2.20304
2.11408
2.0315
1.95552
1.8865
1.82439
1.76788
1.71659
1.67084
1.63086
1.59664
1.56805
1.54491
1.52691
1.51369
1.50475
1.49946
1.49706
1.49668
1.49734
1.49802
1.49775
1.49571
1.49127
1.48414
1.47432
1.46206
1.44772
1.43168
1.41416
1.39522
1.37483
1.35283
29.4513
29.4299
29.4268
29.4318
29.4104
29.3672
29.3087
29.2382
29.1588
29.0728
28.9819
28.8873
28.7902
28.6916
28.5925
28.4934
28.3948
28.2971
28.2005
28.1052
28.0116
27.9197
27.8298
27.7418
27.6557
27.5712
27.4882
27.4064
27.3256
27.2456
27.1664
27.0879
27.01
26.9326
26.8556
26.7789
26.7025
26.6262
26.5499
26.4733
26.3964
26.3188
26.2406
26.1616
26.0818
26.0011
25.9196
25.8376
25.7555
25.6737
25.5926
25.5123
25.4326
25.3531
25.2731
25.1916
25.108
25.0222
24.9343
24.845
24.7555
24.6673
24.5819
24.5007
24.4247
24.3548
24.2914
24.2349
24.1858
24.1448
24.1126
24.0898
24.0765
24.0725
24.0763
24.0858
24.0976
24.1074
24.1103
24.1009
24.0743
24.0257
23.9514
23.8474
23.7096
23.5339
23.3172
23.0571
22.7522
22.4021
22.0074
21.5698
21.0918
20.5771
20.0299
19.4556
18.8601
18.2493
17.6296
17.0069
16.3867
15.7741
15.1731
14.5872
14.0189
13.4699
12.9413
12.4334
11.9457
11.4778
11.0285
10.597
10.1823
9.78334
9.39942
9.02984
8.67405
8.33154
8.00174
7.68406
7.37779
7.08221
6.79653
6.52001
6.25202
5.99205
5.73983
5.49528
5.25861
5.03036
4.81137
4.6026
4.40438
4.21578
4.03583
3.86221
3.6937
3.53164
3.37645
3.22809
3.08642
2.9513
2.82259
2.70017
2.58394
2.47378
2.36958
2.27128
2.17888
2.09255
2.01262
1.93951
1.87339
1.81299
1.75779
1.70818
1.66442
1.62656
1.59451
1.5681
1.54706
1.53105
1.51956
1.512
1.50759
1.50544
1.50455
1.50388
1.50241
1.49926
1.49381
1.48575
1.4751
1.46211
1.44719
1.4307
1.41286
1.39372
1.37321
1.3511
29.4839
29.4919
29.4995
29.5095
29.4875
29.4464
29.3917
29.326
29.252
29.1718
29.087
28.9985
28.9073
28.8143
28.7205
28.6265
28.5328
28.4396
28.3472
28.256
28.1661
28.0778
27.9912
27.9064
27.8233
27.7417
27.6614
27.5822
27.504
27.4266
27.35
27.2741
27.1989
27.1244
27.0504
26.977
26.9039
26.8311
26.7583
26.6855
26.6123
26.5387
26.4643
26.3892
26.3131
26.2361
26.1581
26.0794
26.0003
25.9211
25.8423
25.7639
25.6856
25.6069
25.5269
25.4446
25.3594
25.2709
25.1794
25.0856
24.9908
24.8968
24.8052
24.7177
24.6358
24.5604
24.4923
24.4323
24.3812
24.3399
24.3095
24.2906
24.2837
24.2883
24.303
24.3251
24.3509
24.3755
24.3933
24.398
24.3838
24.3452
24.2776
24.1768
24.0379
23.8561
23.6276
23.3497
23.0209
22.6407
22.21
21.7311
21.2072
20.6425
20.0427
19.4141
18.7637
18.0989
17.427
16.7552
16.0899
15.437
14.8012
14.1864
13.5955
13.0302
12.4915
11.9791
11.4925
11.0304
10.5912
10.1733
9.77517
9.39519
9.03209
8.68474
8.35217
8.03352
7.72793
7.43459
7.15262
6.88113
6.61922
6.36604
6.12085
5.88303
5.65216
5.42803
5.21066
5.00043
4.79797
4.60413
4.41923
4.24248
4.07298
3.90861
3.74794
3.59225
3.44205
3.29742
3.15831
3.02467
2.89646
2.77367
2.65628
2.54429
2.4377
2.33654
2.2409
2.15103
2.06732
1.99031
1.92031
1.85616
1.79722
1.7439
1.69652
1.65519
1.61984
1.59033
1.5664
1.54773
1.53384
1.52411
1.51778
1.51393
1.51155
1.50955
1.50687
1.50262
1.49615
1.48714
1.47564
1.46193
1.44643
1.42951
1.41139
1.39208
1.37148
1.34928
29.6013
29.5534
29.5748
29.5743
29.5509
29.5134
29.4646
29.4061
29.3402
29.2688
29.193
29.1137
29.0315
28.9473
28.8621
28.7762
28.6902
28.6044
28.519
28.4344
28.3508
28.2683
28.1872
28.1075
28.0292
27.952
27.8759
27.8006
27.726
27.6522
27.579
27.5066
27.4349
27.3638
27.2934
27.2235
27.1541
27.085
27.016
26.947
26.8777
26.8078
26.7373
26.6658
26.5933
26.5196
26.4447
26.3687
26.2919
26.2146
26.1372
26.0595
25.9814
25.9021
25.8207
25.7362
25.6479
25.5555
25.4592
25.3601
25.2594
25.1592
25.0614
24.9679
24.8805
24.8004
24.7287
24.6666
24.615
24.5752
24.5482
24.535
24.5359
24.5501
24.5759
24.6104
24.6491
24.6866
24.7165
24.7317
24.7254
24.6915
24.6247
24.5203
24.3731
24.1778
23.9301
23.627
23.2673
22.8506
22.3783
21.8533
21.2796
20.6626
20.0088
19.3257
18.6216
17.905
17.1842
16.4672
15.7616
15.0735
14.4085
13.7705
13.1625
12.5863
12.0423
11.5301
11.0484
10.5954
10.1689
9.76669
9.38653
9.02638
8.68446
8.35922
8.04932
7.75361
7.47102
7.20054
6.94117
6.69192
6.45181
6.21995
5.9955
5.77777
5.56625
5.3606
5.16073
4.96684
4.77941
4.59914
4.42634
4.26038
4.10044
3.94458
3.79128
3.64162
3.49622
3.35527
3.21878
3.08679
2.95935
2.83651
2.71836
2.60499
2.49649
2.39298
2.29462
2.20176
2.11484
2.03449
1.96113
1.89373
1.83156
1.77504
1.72454
1.6802
1.64199
1.60978
1.58336
1.56238
1.5464
1.53478
1.52677
1.52142
1.5177
1.51447
1.51065
1.50532
1.49781
1.48785
1.47549
1.46105
1.44497
1.42765
1.40929
1.38987
1.36927
1.34705
29.6656
29.6188
29.6252
29.6171
29.5957
29.5638
29.5219
29.4711
29.4136
29.3512
29.2849
29.2153
29.1428
29.0682
28.9923
28.9155
28.8382
28.7608
28.6835
28.6065
28.5301
28.4545
28.3799
28.3062
28.2335
28.1615
28.0902
28.0194
27.949
27.8792
27.8098
27.7411
27.6729
27.6054
27.5384
27.472
27.406
27.3404
27.2748
27.2091
27.1431
27.0764
27.009
26.9405
26.8707
26.7995
26.7268
26.6526
26.5772
26.5009
26.4237
26.3457
26.2665
26.1855
26.1016
26.0139
25.9218
25.8249
25.7237
25.6193
25.5133
25.4077
25.3049
25.207
25.1158
25.033
24.9599
24.8979
24.8482
24.812
24.7906
24.7847
24.7944
24.8187
24.8554
24.901
24.9505
24.9977
25.0355
25.0563
25.0524
25.0171
24.9445
24.8296
24.6672
24.4516
24.1781
23.8443
23.4488
22.9918
22.4753
21.903
21.2798
20.612
19.9073
19.1742
18.4219
17.6599
16.8975
16.1433
15.4053
14.6902
14.0038
13.3501
12.732
12.1508
11.6069
11.0992
10.6259
10.1845
9.77245
9.38678
9.02484
8.68414
8.36251
8.05807
7.76924
7.49463
7.23302
6.98329
6.74435
6.51515
6.29468
6.08197
5.87613
5.6764
5.48216
5.29297
5.10863
4.92921
4.75505
4.58671
4.4245
4.26794
4.11636
3.96798
3.82125
3.67707
3.53614
3.3987
3.26485
3.13467
3.00828
2.8858
2.7674
2.65322
2.54345
2.43826
2.33792
2.2428
2.15342
2.07045
1.99445
1.92448
1.85974
1.80067
1.74768
1.70092
1.66041
1.62603
1.59759
1.57475
1.55706
1.54391
1.53451
1.52791
1.52302
1.51869
1.5138
1.50741
1.49888
1.48792
1.47466
1.45947
1.44282
1.42513
1.40659
1.38714
1.3666
1.34446
29.7181
29.6663
29.655
29.6413
29.6216
29.5941
29.5576
29.5129
29.4621
29.4066
29.3476
29.2855
29.2207
29.1538
29.0855
29.0163
28.9465
28.8764
28.8062
28.7362
28.6664
28.5972
28.5286
28.4607
28.3934
28.3265
28.2599
28.1936
28.1274
28.0615
27.9959
27.9308
27.8662
27.802
27.7384
27.6753
27.6125
27.5499
27.4873
27.4245
27.3612
27.2973
27.2324
27.1663
27.0986
27.0293
26.9582
26.8854
26.8108
26.7348
26.6575
26.5787
26.4981
26.415
26.3284
26.2376
26.1419
26.0412
25.9361
25.8278
25.7182
25.6095
25.5042
25.4045
25.3128
25.2306
25.1595
25.1011
25.0566
25.0274
25.0145
25.0184
25.0388
25.0744
25.1223
25.1784
25.2371
25.2914
25.3337
25.3557
25.3492
25.3068
25.2222
25.0903
24.906
24.6636
24.3584
23.988
23.5517
23.0505
22.4872
21.8662
21.1934
20.4762
19.7232
18.944
18.1488
17.3476
16.5505
15.7667
15.0044
14.2706
13.5709
12.9094
12.2885
11.7093
11.1714
10.6734
10.2127
9.7864
9.39123
9.02386
8.68117
8.36033
8.05888
7.77472
7.50607
7.25144
7.00952
6.77912
6.55913
6.34849
6.14615
5.95111
5.76241
5.57922
5.40083
5.22672
5.05658
4.89037
4.72832
4.57088
4.41834
4.27037
4.12639
3.98481
3.84413
3.70503
3.56828
3.4342
3.30293
3.17462
3.04942
2.92753
2.80914
2.69448
2.58379
2.47733
2.37541
2.27845
2.18704
2.1019
2.02368
1.95149
1.88454
1.82327
1.76812
1.71927
1.67677
1.64052
1.61033
1.58589
1.56674
1.55226
1.54165
1.53394
1.52799
1.52263
1.51672
1.50928
1.49969
1.48772
1.47354
1.45759
1.44039
1.42236
1.40367
1.38424
1.36384
1.3418
29.7643
29.7032
29.6742
29.6541
29.6334
29.6076
29.5744
29.5338
29.4872
29.4361
29.3815
29.324
29.2639
29.202
29.1387
29.0746
29.0099
28.945
28.8801
28.8153
28.7508
28.6868
28.6234
28.5604
28.4979
28.4357
28.3736
28.3115
28.2495
28.1877
28.1261
28.0648
28.0039
27.9435
27.8835
27.8239
27.7645
27.7053
27.6459
27.5863
27.5261
27.4651
27.4029
27.3394
27.2742
27.207
27.1378
27.0665
26.9931
26.9179
26.8407
26.7616
26.68
26.5954
26.5069
26.4138
26.3156
26.2125
26.1053
25.9953
25.8847
25.7759
25.6716
25.5743
25.4863
25.4095
25.3455
25.2959
25.2621
25.2452
25.2461
25.2649
25.3007
25.3514
25.4135
25.4821
25.5508
25.6118
25.6568
25.6768
25.6631
25.6078
25.5043
25.3474
25.132
24.8527
24.5054
24.088
23.6004
23.0447
22.4248
21.7461
21.0159
20.2426
19.4362
18.6073
17.7668
16.9259
16.095
15.2837
14.5005
13.7524
13.0448
12.3814
11.7641
11.1933
10.6681
10.186
9.74404
9.33847
8.96544
8.62111
8.30196
8.00481
7.72694
7.46606
7.22028
6.98801
6.7679
6.55876
6.35948
6.16898
5.98622
5.81016
5.63981
5.47424
5.31267
5.15448
4.99928
4.84695
4.69759
4.55157
4.40919
4.27024
4.13423
3.99977
3.86543
3.73171
3.59942
3.46893
3.34047
3.21421
3.09036
2.96917
2.85089
2.73582
2.62427
2.51655
2.41305
2.31427
2.22081
2.13348
2.053
1.97858
1.90938
1.84589
1.78856
1.73763
1.69314
1.65504
1.62315
1.59715
1.57659
1.56083
1.54905
1.54024
1.53324
1.52683
1.51982
1.51126
1.50054
1.48748
1.47233
1.45559
1.43784
1.41948
1.40069
1.38131
1.36109
1.33919
29.7897
29.7289
29.6899
29.6635
29.64
29.6142
29.583
29.5455
29.5024
29.4548
29.4036
29.3494
29.2927
29.2342
29.1745
29.114
29.0531
28.9921
28.9312
28.8705
28.8103
28.7506
28.6915
28.6328
28.5746
28.5165
28.4585
28.4005
28.3426
28.2847
28.2269
28.1695
28.1125
28.0558
27.9995
27.9435
27.8877
27.8319
27.7759
27.7194
27.6623
27.6042
27.5447
27.4837
27.4208
27.3556
27.2882
27.2182
27.1459
27.0711
26.994
26.9143
26.8317
26.7457
26.6554
26.5604
26.4606
26.3561
26.2482
26.1385
26.0295
25.9237
25.824
25.7331
25.6535
25.587
25.5354
25.5002
25.4826
25.4835
25.5033
25.5414
25.5963
25.6649
25.7428
25.8241
25.9013
25.9661
26.0091
26.0208
25.9922
25.9149
25.7823
25.5889
25.3302
25.0019
24.5999
24.1229
23.5723
22.9513
22.2652
21.5209
20.7269
19.8933
19.031
18.1518
17.2676
16.3901
15.5302
14.6978
13.9011
13.1469
12.44
11.7836
11.1788
10.6251
10.1205
9.66195
9.2454
8.86649
8.52073
8.20382
7.91184
7.64136
7.38948
7.1538
6.93238
6.72362
6.5262
6.33897
6.16086
5.99085
5.82789
5.67093
5.51892
5.37088
5.22594
5.08341
4.94283
4.80399
4.66696
4.532
4.39942
4.26916
4.14081
4.01318
3.8849
3.75635
3.62834
3.50131
3.37554
3.25125
3.1287
3.00818
2.89002
2.77456
2.66218
2.55326
2.44827
2.34774
2.25235
2.16295
2.08036
2.00381
1.9325
1.86693
1.80759
1.75472
1.70843
1.66866
1.63523
1.60785
1.58604
1.56915
1.55632
1.54651
1.5385
1.53104
1.52291
1.51317
1.50125
1.48705
1.47089
1.45336
1.43505
1.41641
1.39755
1.37829
1.35829
1.33658
29.799
29.7434
29.7005
29.6697
29.6435
29.6171
29.5872
29.5523
29.5124
29.468
29.4199
29.3687
29.315
29.2593
29.2024
29.1448
29.0869
29.0289
28.9711
28.9138
28.8569
28.8008
28.7452
28.6902
28.6356
28.5812
28.5269
28.4726
28.4183
28.3642
28.3102
28.2565
28.2031
28.1502
28.0975
28.0451
27.9928
27.9404
27.8876
27.8343
27.78
27.7246
27.6677
27.609
27.548
27.4846
27.4185
27.3496
27.2778
27.2033
27.1258
27.0454
26.9617
26.8742
26.7825
26.6863
26.5857
26.4814
26.3747
26.2679
26.1634
26.0642
25.9734
25.8936
25.8273
25.7765
25.7428
25.7275
25.7314
25.755
25.7979
25.8588
25.935
26.0224
26.1154
26.207
26.2888
26.3514
26.3848
26.3792
26.325
26.214
26.0391
25.7959
25.4807
25.0894
24.6192
24.0703
23.4453
22.7492
21.9888
21.1728
20.3111
19.4153
18.4976
17.5707
16.6474
15.7397
14.8587
14.014
13.2136
12.4636
11.7681
11.129
10.5466
10.0192
9.54379
9.1162
8.7316
8.38488
8.07097
7.78518
7.52328
7.28169
7.05743
6.8481
6.65178
6.46696
6.29242
6.1271
5.97004
5.82027
5.67679
5.53851
5.40436
5.27328
5.14433
5.01677
4.89008
4.764
4.63856
4.51398
4.3906
4.26844
4.14721
4.02591
3.90326
3.77947
3.65541
3.53156
3.40823
3.28572
3.16431
3.04435
2.92621
2.81031
2.69708
2.58699
2.48054
2.37835
2.28114
2.18981
2.10523
2.02671
1.95345
1.88599
1.82482
1.77023
1.72235
1.68112
1.64639
1.61783
1.59498
1.57713
1.5634
1.55269
1.54374
1.53523
1.52596
1.51499
1.5018
1.4864
1.4692
1.45086
1.43204
1.41314
1.39428
1.37517
1.35546
1.33398
29.7974
29.7479
29.7048
29.6721
29.6441
29.6173
29.5884
29.5558
29.5189
29.4779
29.4331
29.3851
29.3343
29.2816
29.2274
29.1724
29.1171
29.0617
29.0067
28.9521
28.8981
28.8449
28.7924
28.7405
28.689
28.6378
28.5868
28.5358
28.4849
28.4341
28.3836
28.3335
28.2837
28.2342
28.1851
28.1361
28.0871
28.0378
27.9881
27.9376
27.886
27.833
27.7783
27.7213
27.6619
27.5998
27.5346
27.4662
27.3946
27.3199
27.2418
27.1605
27.0757
26.9872
26.8947
26.7984
26.6986
26.5965
26.4938
26.3929
26.2968
26.2086
26.1313
26.0677
26.0202
25.9906
25.9801
25.9896
26.0196
26.0696
26.1383
26.2234
26.3209
26.4254
26.5302
26.6268
26.706
26.7575
26.7709
26.7359
26.643
26.484
26.2528
25.9453
25.5587
25.0904
24.5392
23.9068
23.1977
22.4188
21.5786
20.6875
19.7574
18.8009
17.8316
16.863
15.9083
14.9796
14.0878
13.2421
12.4497
11.7156
11.0428
10.432
9.88203
9.39008
8.95184
8.56211
8.2152
7.90532
7.62694
7.37502
7.1452
6.93385
6.73803
6.55542
6.38427
6.22323
6.07122
5.92735
5.79079
5.66064
5.53594
5.41562
5.29854
5.18358
5.06974
4.95623
4.84248
4.72824
4.6135
4.49848
4.38354
4.2688
4.15407
4.03852
3.92095
3.80147
3.68094
3.5599
3.4387
3.31768
3.19719
3.0776
2.95936
2.84292
2.72879
2.6175
2.50963
2.40583
2.3069
2.21377
2.12734
2.04701
1.97198
1.90282
1.84004
1.78397
1.73474
1.69231
1.65652
1.62704
1.60336
1.58477
1.5703
1.5588
1.54896
1.53942
1.52897
1.51669
1.50218
1.48552
1.46726
1.44812
1.42881
1.40972
1.39089
1.37201
1.35264
1.33145
29.7893
29.7449
29.7036
29.6706
29.642
29.615
29.5871
29.5565
29.5225
29.4848
29.4435
29.399
29.3517
29.3022
29.2511
29.199
29.1464
29.0937
29.0413
28.9893
28.938
28.8875
28.8377
28.7886
28.7399
28.6916
28.6435
28.5955
28.5477
28.5001
28.4528
28.4059
28.3594
28.3132
28.2673
28.2214
28.1754
28.129
28.082
28.0339
27.9846
27.9335
27.8804
27.8248
27.7664
27.7049
27.64
27.5717
27.4999
27.4247
27.346
27.2639
27.1785
27.0897
26.9977
26.9029
26.8063
26.7092
26.6138
26.5229
26.4396
26.3671
26.3085
26.2664
26.2429
26.2393
26.2566
26.2949
26.3539
26.432
26.527
26.6351
26.7509
26.8678
26.9774
27.0704
27.1366
27.165
27.1449
27.066
26.9191
26.6968
26.3937
26.0069
25.5349
24.977
24.3337
23.6086
22.8085
21.9423
21.0207
20.0555
19.0601
18.0486
17.0354
16.0346
15.0595
14.122
13.2322
12.3986
11.6271
10.9214
10.283
9.71123
9.20334
8.75509
8.36096
8.01474
7.70993
7.44019
7.19964
6.98309
6.78618
6.60534
6.4378
6.28149
6.13485
5.99677
5.86641
5.74305
5.62601
5.51451
5.4076
5.30421
5.20314
5.10322
5.00339
4.90281
4.80092
4.69745
4.59241
4.48604
4.37871
4.27062
4.1617
4.05127
3.93818
3.82248
3.70502
3.58636
3.46693
3.34709
3.22724
3.1078
2.98927
2.87217
2.75706
2.64454
2.53526
2.42991
2.32935
2.23456
2.14644
2.06447
1.98786
1.91722
1.85309
1.7958
1.74549
1.70213
1.66556
1.63543
1.61118
1.59205
1.57702
1.56486
1.55419
1.54361
1.53192
1.51828
1.50237
1.48442
1.46508
1.44516
1.4254
1.40617
1.38745
1.36885
1.34987
1.32904
29.7773
29.7371
29.698
29.6658
29.6372
29.6105
29.5835
29.5547
29.5232
29.4887
29.4509
29.4101
29.3665
29.3206
29.273
29.2243
29.1748
29.1251
29.0755
29.0263
28.9778
28.9299
28.8828
28.8363
28.7903
28.7447
28.6993
28.6541
28.6092
28.5645
28.5203
28.4764
28.4329
28.3897
28.3467
28.3036
28.2603
28.2163
28.1715
28.1254
28.0777
28.028
27.976
27.9211
27.8632
27.8018
27.7369
27.6683
27.596
27.5203
27.4411
27.3589
27.2738
27.1861
27.0965
27.0058
26.9151
26.8265
26.7424
26.6658
26.5999
26.548
26.5129
26.4969
26.5016
26.5279
26.5758
26.6447
26.7331
26.8385
26.9571
27.0837
27.2116
27.3324
27.437
27.5147
27.5547
27.5457
27.477
27.3387
27.1223
26.8216
26.4323
25.9531
25.3845
24.7275
23.9846
23.1617
22.2683
21.3154
20.3156
19.2826
18.2298
17.1729
16.1272
15.107
14.125
13.1926
12.3189
11.511
10.7732
10.1079
9.51457
8.99102
8.53297
8.13471
7.78958
7.49042
7.2301
7.00189
6.79974
6.61848
6.45388
6.30261
6.1622
6.03085
5.90734
5.79082
5.68071
5.5765
5.47765
5.38349
5.2931
5.20537
5.11905
5.0329
4.94583
4.85695
4.76573
4.6719
4.5755
4.4768
4.37621
4.274
4.17018
4.0642
3.95499
3.84251
3.72761
3.6109
3.49284
3.37383
3.25431
3.13478
3.01576
2.89785
2.78168
2.6679
2.5572
2.45038
2.34829
2.25198
2.16235
2.07891
2.00094
1.92906
1.86384
1.80561
1.75452
1.71055
1.6735
1.643
1.61845
1.59901
1.58359
1.57087
1.55941
1.54779
1.53482
1.51974
1.50237
1.48309
1.46267
1.44201
1.42186
1.40255
1.384
1.36574
1.34721
1.32678
29.7627
29.7256
29.6888
29.6578
29.6298
29.6036
29.5776
29.5504
29.5211
29.4893
29.4547
29.4175
29.3777
29.3358
29.292
29.2469
29.201
29.1547
29.1083
29.0622
29.0166
28.9717
28.9273
28.8835
28.8402
28.7972
28.7545
28.712
28.6698
28.628
28.5865
28.5455
28.5048
28.4643
28.4238
28.3831
28.342
28.3
28.2569
28.2123
28.1658
28.1171
28.0656
28.011
27.9531
27.8916
27.8264
27.7575
27.6849
27.609
27.5301
27.4488
27.3654
27.2808
27.1959
27.1118
27.0303
26.9536
26.8845
26.8261
26.7815
26.7538
26.7456
26.7587
26.7939
26.8513
26.9302
27.0288
27.1444
27.2733
27.4102
27.5485
27.6798
27.7949
27.8832
27.9336
27.9346
27.8752
27.7447
27.5342
27.2363
26.8462
26.3613
25.7822
25.1113
24.3517
23.5081
22.5895
21.6069
20.5733
19.5029
18.4109
17.3132
16.2238
15.1591
14.133
13.1578
12.2437
11.3984
10.6274
9.93348
9.31692
8.77574
8.30589
7.90161
7.55591
7.26107
7.00921
6.79274
6.60475
6.4392
6.29111
6.15652
6.03245
5.91679
5.80812
5.70555
5.60853
5.51672
5.42984
5.34748
5.26902
5.19356
5.11995
5.04688
4.97304
4.89729
4.81876
4.73691
4.65152
4.56266
4.47065
4.37592
4.27879
4.17936
4.07717
3.97121
3.86139
3.74855
3.63333
3.51621
3.39768
3.2782
3.15831
3.03862
2.91976
2.80243
2.68735
2.57528
2.46703
2.36355
2.26588
2.17491
2.09021
2.01111
1.93826
1.87223
1.81336
1.76181
1.71754
1.68033
1.64977
1.62518
1.60566
1.59002
1.57685
1.56465
1.55196
1.53764
1.52105
1.50217
1.48154
1.46006
1.43871
1.41823
1.39892
1.38061
1.36274
1.34471
1.32472
29.7457
29.7113
29.6769
29.6475
29.6207
29.5954
29.5705
29.5448
29.5176
29.4884
29.4569
29.4232
29.3873
29.3494
29.3099
29.2691
29.2274
29.1852
29.1429
29.1006
29.0588
29.0174
28.9766
28.9361
28.8961
28.8564
28.8169
28.7776
28.7387
28.7001
28.6618
28.6238
28.5861
28.5484
28.5106
28.4724
28.4334
28.3934
28.352
28.3088
28.2634
28.2154
28.1645
28.1103
28.0526
27.9913
27.9264
27.8579
27.7861
27.7116
27.6348
27.5565
27.4777
27.3993
27.3226
27.2492
27.181
27.1206
27.0707
27.0344
27.0146
27.014
27.0344
27.077
27.1416
27.2273
27.3323
27.4536
27.5871
27.7278
27.8689
28.0024
28.1188
28.2078
28.2583
28.2587
28.1978
28.0648
27.8504
27.5467
27.1483
26.6521
26.058
25.3685
24.5883
23.723
22.7805
21.7708
20.7073
19.6047
18.4785
17.3448
16.2201
15.119
14.0567
13.0464
12.0991
11.2234
10.4254
9.70844
9.07342
8.51871
8.04046
7.63298
7.2891
7.00071
6.75927
6.55645
6.38446
6.23646
6.10669
5.99053
5.88448
5.78605
5.69358
5.60606
5.52298
5.4441
5.36935
5.29861
5.23158
5.16771
5.10607
5.04546
4.9845
4.92185
4.85632
4.78706
4.71356
4.63566
4.55349
4.46738
4.37781
4.28513
4.1895
4.09052
3.98725
3.87957
3.76829
3.65409
3.5375
3.41904
3.29925
3.17871
3.05809
2.9381
2.81948
2.70304
2.58957
2.47995
2.37515
2.27626
2.18413
2.09834
2.01833
1.94477
1.87822
1.81904
1.76735
1.72311
1.68606
1.65573
1.63139
1.61202
1.59632
1.5828
1.56986
1.55606
1.54033
1.52218
1.50175
1.47977
1.45728
1.43531
1.41458
1.39534
1.37733
1.35991
1.34241
1.3229
29.7301
29.698
29.6667
29.6394
29.6143
29.5905
29.5671
29.5432
29.5181
29.4916
29.4632
29.4331
29.4013
29.3679
29.3332
29.2975
29.2611
29.2243
29.1873
29.1504
29.1139
29.0776
29.0418
29.0063
28.9711
28.9361
28.9012
28.8665
28.832
28.7976
28.7634
28.7294
28.6953
28.661
28.6263
28.5908
28.5543
28.5165
28.477
28.4353
28.3913
28.3444
28.2945
28.2412
28.1846
28.1246
28.0612
27.995
27.9262
27.8556
27.7841
27.7126
27.6424
27.5747
27.511
27.4531
27.4031
27.3633
27.3365
27.3251
27.3316
27.3577
27.4043
27.4714
27.5578
27.6611
27.7783
27.9051
28.036
28.1647
28.2832
28.3824
28.4522
28.4818
28.4604
28.3768
28.2206
27.9825
27.6548
27.2322
26.7115
26.0923
25.377
24.5707
23.6804
22.714
21.6815
20.5952
19.47
18.3216
17.1662
16.0199
14.8985
13.817
12.7877
11.823
10.932
10.1211
9.39417
8.75224
8.19401
7.71586
7.31223
6.97596
6.69876
6.47175
6.28599
6.13304
6.00533
5.89641
5.80105
5.71525
5.63611
5.56172
5.49094
5.42321
5.3584
5.29655
5.23781
5.18221
5.12953
5.07922
5.03035
4.98164
4.93169
4.8791
4.82272
4.76172
4.69564
4.62439
4.54814
4.46726
4.38224
4.29344
4.20106
4.10475
4.00362
3.89752
3.78729
3.67361
3.55708
3.43826
3.31775
3.19622
3.07439
2.95303
2.83296
2.71505
2.60014
2.48917
2.38312
2.28314
2.18999
2.10328
2.02259
1.94858
1.8818
1.82259
1.77109
1.72721
1.69065
1.66086
1.63703
1.61801
1.60241
1.58859
1.57492
1.55998
1.54279
1.52303
1.50107
1.47778
1.45435
1.43184
1.41095
1.39186
1.37421
1.35729
1.34037
1.32136
29.7162
29.6876
29.6593
29.6346
29.6115
29.5894
29.5677
29.5457
29.5228
29.4988
29.4735
29.447
29.4192
29.3904
29.3607
29.3304
29.2997
29.2687
29.2377
29.2069
29.1764
29.1461
29.1161
29.0863
29.0566
29.0271
28.9975
28.968
28.9384
28.9089
28.8792
28.8493
28.8191
28.7883
28.7567
28.724
28.6899
28.6542
28.6164
28.5763
28.5336
28.4881
28.4395
28.3879
28.3332
28.2756
28.2155
28.1533
28.0899
28.0259
27.9627
27.9013
27.8432
27.7898
27.7426
27.7036
27.6746
27.6576
27.6548
27.6681
27.6988
27.7475
27.814
27.8968
27.9934
28.1003
28.2129
28.3257
28.4322
28.5248
28.5948
28.6326
28.6281
28.5709
28.4505
28.2574
27.9828
27.6193
27.1621
26.6084
25.9579
25.213
24.3788
23.4629
22.4745
21.4231
20.3199
19.1805
18.0199
16.854
15.6989
14.5699
13.4819
12.4488
11.479
10.5838
9.77045
9.0427
8.4018
7.84657
7.37359
6.97747
6.65122
6.38661
6.17466
6.00617
5.87225
5.76476
5.67666
5.60217
5.5368
5.47725
5.42134
5.36773
5.31579
5.26537
5.21663
5.16987
5.12536
5.08323
5.04328
5.00494
4.96722
4.92883
4.88831
4.84428
4.79564
4.7416
4.6818
4.61618
4.54496
4.46855
4.3874
4.30189
4.2122
4.11802
4.01848
3.91349
3.80383
3.69024
3.57337
3.45384
3.33233
3.20956
3.08633
2.96349
2.84193
2.72256
2.60629
2.49409
2.38697
2.2861
2.19216
2.1048
2.02371
1.94955
1.88287
1.82399
1.77302
1.72984
1.69409
1.66516
1.64208
1.62362
1.60822
1.59415
1.57973
1.56359
1.5449
1.52354
1.50007
1.47556
1.45128
1.42833
1.40738
1.38852
1.37129
1.3549
1.33858
1.32015
29.7054
29.6795
29.6535
29.6311
29.6099
29.5895
29.5695
29.5492
29.5284
29.5069
29.4844
29.4611
29.4371
29.4124
29.3872
29.3617
29.3361
29.3105
29.285
29.2596
29.2345
29.2096
29.1849
29.1602
29.1356
29.1109
29.0861
29.0612
29.036
29.0104
28.9845
28.9581
28.9309
28.9028
28.8736
28.8429
28.8106
28.7763
28.7398
28.7009
28.6594
28.6152
28.5683
28.5188
28.4669
28.413
28.3576
28.3015
28.2454
28.1905
28.138
28.0892
28.0455
28.0084
27.9793
27.9599
27.9516
27.9559
27.9741
28.0072
28.0552
28.1177
28.193
28.2783
28.37
28.4634
28.5529
28.632
28.6934
28.7289
28.7297
28.6863
28.5892
28.4293
28.1967
27.8845
27.4857
26.9959
26.413
25.7369
24.9701
24.1174
23.1864
22.1867
21.1282
20.0214
18.8815
17.7228
16.5602
15.4095
14.2854
13.2022
12.1726
11.2079
10.3169
9.50526
8.77891
8.13939
7.58571
7.11477
6.72157
6.3995
6.14072
5.93652
5.7778
5.65558
5.56144
5.48792
5.42876
5.37902
5.33499
5.29412
5.25484
5.21632
5.17833
5.14098
5.10463
5.06969
5.03646
5.00507
4.97527
4.94644
4.9175
4.88712
4.85384
4.81634
4.77355
4.7248
4.66978
4.6085
4.54121
4.46828
4.39017
4.30721
4.21957
4.12691
4.02842
3.92403
3.81454
3.70072
3.58325
3.46283
3.3402
3.21617
3.0916
2.96741
2.84455
2.72397
2.60665
2.49355
2.38573
2.28435
2.19001
2.10238
2.0213
1.94741
1.88125
1.82312
1.7731
1.73101
1.69645
1.66867
1.64661
1.62887
1.61374
1.59942
1.58419
1.56678
1.54654
1.52358
1.49865
1.47302
1.44803
1.42478
1.40387
1.38531
1.36856
1.35274
1.33706
1.31928
29.7003
29.676
29.6516
29.6308
29.6111
29.5922
29.5738
29.5554
29.5367
29.5175
29.4977
29.4775
29.4567
29.4356
29.4143
29.3929
29.3715
29.3502
29.3291
29.3081
29.2873
29.2667
29.2461
29.2254
29.2047
29.1837
29.1624
29.1408
29.1186
29.0959
29.0725
29.0483
29.023
28.9965
28.9686
28.939
28.9076
28.8742
28.8385
28.8006
28.7603
28.7178
28.6731
28.6265
28.5784
28.5294
28.4801
28.4315
28.3844
28.3399
28.2994
28.2639
28.2349
28.2134
28.2007
28.1978
28.2056
28.2249
28.2559
28.2984
28.3515
28.4133
28.4812
28.5515
28.6194
28.6795
28.7256
28.7508
28.7477
28.7082
28.6237
28.4859
28.2869
28.0171
27.6712
27.243
26.7288
26.1266
25.4368
24.6618
23.8063
22.8772
21.8835
20.8355
19.7437
18.6215
17.4825
16.3405
15.21
14.105
13.039
12.0241
11.071
10.1884
9.38298
8.65903
8.01921
7.46319
6.98845
6.59066
6.2639
6.00105
5.79403
5.63427
5.51307
5.42208
5.35371
5.30138
5.25974
5.22469
5.19327
5.16357
5.13451
5.1056
5.07686
5.04852
5.02099
4.99466
4.96979
4.9464
4.92415
4.90229
4.87969
4.85498
4.82674
4.79373
4.75498
4.70991
4.65829
4.60015
4.53576
4.46546
4.38963
4.30856
4.22237
4.13066
4.03267
3.92843
3.81874
3.70438
3.58611
3.46468
3.34092
3.21568
3.08991
2.96457
2.84068
2.71922
2.60119
2.4876
2.37948
2.278
2.18367
2.0962
2.01555
1.94236
1.87713
1.82015
1.77146
1.73084
1.69779
1.67146
1.65062
1.63372
1.6189
1.60426
1.58813
1.56938
1.54757
1.52305
1.49679
1.47019
1.44464
1.42123
1.40048
1.3823
1.36608
1.35085
1.33585
1.31878
29.7049
29.682
29.6592
29.6396
29.6214
29.6041
29.5873
29.5708
29.5543
29.5375
29.5205
29.5032
29.4856
29.4679
29.45
29.4322
29.4144
29.3967
29.3791
29.3617
29.3444
29.3271
29.3097
29.2922
29.2745
29.2563
29.2377
29.2184
29.1985
29.1777
29.1559
29.1331
29.109
29.0835
29.0565
29.0277
28.9971
28.9646
28.9301
28.8937
28.8554
28.8155
28.7742
28.7318
28.6891
28.6464
28.6047
28.5647
28.5274
28.4938
28.4648
28.4415
28.4247
28.4151
28.4134
28.4198
28.4346
28.4574
28.4875
28.5235
28.5636
28.6047
28.6434
28.6752
28.695
28.6971
28.675
28.6222
28.5316
28.3959
28.2079
27.9606
27.6476
27.2625
26.8013
26.2607
25.6398
24.9393
24.1614
23.3109
22.394
21.4188
20.395
19.3328
18.2443
17.1423
16.0388
14.947
13.8794
12.8484
11.8651
10.9395
10.0797
9.2921
8.58098
7.94895
7.3964
6.92153
6.52076
6.18906
5.92016
5.70689
5.5415
5.41596
5.32237
5.25333
5.20227
5.16364
5.13302
5.10715
5.08375
5.06143
5.03946
5.0176
4.99594
4.97475
4.95437
4.93508
4.91703
4.90009
4.88377
4.86723
4.84926
4.82854
4.80374
4.77374
4.73774
4.69526
4.64612
4.5904
4.52832
4.46016
4.3862
4.30664
4.22153
4.13046
4.03261
3.92822
3.81808
3.70301
3.58382
3.46133
3.33643
3.21006
3.08321
2.95691
2.83219
2.71011
2.59167
2.47786
2.36974
2.26844
2.17441
2.0874
2.00748
1.93527
1.87125
1.81569
1.76859
1.72968
1.69833
1.67358
1.65404
1.63797
1.62337
1.60832
1.5912
1.57109
1.54777
1.52187
1.49449
1.46717
1.44127
1.41788
1.3974
1.37967
1.364
1.34935
1.33506
1.31873
29.7224
29.7016
29.6814
29.6635
29.6471
29.6318
29.6171
29.6029
29.5889
29.5748
29.5607
29.5464
29.532
29.5175
29.5029
29.4883
29.4737
29.4591
29.4446
29.4301
29.4156
29.4009
29.3861
29.3711
29.3556
29.3396
29.3229
29.3055
29.2872
29.2679
29.2475
29.2259
29.2029
29.1784
29.1524
29.1247
29.0955
29.0645
29.032
28.998
28.9627
28.9264
28.8894
28.8522
28.8152
28.7791
28.7444
28.712
28.6823
28.6562
28.6342
28.6168
28.6042
28.5967
28.594
28.5958
28.6012
28.609
28.6176
28.6248
28.6278
28.6232
28.6068
28.5743
28.5204
28.4397
28.3265
28.175
27.9793
27.7336
27.4323
27.0705
26.6439
26.149
25.5834
24.9466
24.24
23.4663
22.6296
21.7356
20.7916
19.8056
18.7872
17.7477
16.6984
15.6497
14.6129
13.5991
12.619
11.6825
10.7985
9.97439
9.21611
8.52779
7.9118
7.36881
6.89797
6.49657
6.16053
5.88462
5.66277
5.48825
5.35401
5.25291
5.17811
5.12332
5.08305
5.05276
5.02893
5.00896
4.99113
4.9744
4.95824
4.94247
4.92716
4.91246
4.89858
4.88562
4.87354
4.86204
4.8505
4.83798
4.8233
4.80522
4.78259
4.75448
4.72028
4.67962
4.63241
4.57868
4.5186
4.45236
4.38012
4.30194
4.21769
4.12722
4.02941
3.9248
3.81419
3.69843
3.57837
3.45491
3.329
3.20165
3.0739
2.94683
2.82151
2.69902
2.58037
2.46656
2.35862
2.25765
2.1641
2.07773
1.99867
1.92757
1.86486
1.81081
1.76536
1.72818
1.69852
1.67531
1.65694
1.64154
1.62697
1.61134
1.59314
1.57173
1.5471
1.52009
1.49191
1.46415
1.43814
1.41493
1.39479
1.37757
1.36244
1.34834
1.33473
1.31913
29.7518
29.7339
29.7171
29.7015
29.6875
29.6745
29.6623
29.6507
29.6394
29.6283
29.6172
29.606
29.5947
29.5832
29.5717
29.56
29.5482
29.5363
29.5243
29.5121
29.4998
29.4873
29.4744
29.4611
29.4473
29.4329
29.4177
29.4017
29.3847
29.3667
29.3475
29.327
29.3052
29.282
29.2573
29.2311
29.2034
29.1744
29.144
29.1125
29.0799
29.0466
29.0128
28.9788
28.945
28.9118
28.8796
28.8486
28.8193
28.7917
28.766
28.7421
28.7198
28.6985
28.6774
28.6555
28.6313
28.603
28.5685
28.5253
28.4701
28.3998
28.3103
28.1976
28.0572
27.8847
27.6754
27.4248
27.1285
26.7824
26.3829
25.9269
25.4122
24.8369
24.2011
23.506
22.7537
21.9477
21.0932
20.196
19.2634
18.3041
17.327
16.3415
15.3569
14.3829
13.4288
12.5039
11.6168
10.7753
9.98635
9.2554
8.58658
7.98238
7.44399
6.97094
6.56179
6.21362
5.92242
5.68339
5.49104
5.33944
5.22245
5.13397
5.06819
5.01984
4.98437
4.95802
4.93789
4.92185
4.90842
4.89667
4.88606
4.87631
4.86729
4.85897
4.8513
4.84417
4.83733
4.83031
4.82238
4.81258
4.79984
4.78311
4.76148
4.73429
4.7011
4.66168
4.61596
4.56394
4.50569
4.44127
4.37071
4.29401
4.21108
4.12079
4.02311
3.91848
3.80763
3.69144
3.57081
3.44669
3.32009
3.19208
3.06374
2.93621
2.81057
2.68791
2.56926
2.45561
2.34797
2.24741
2.1544
2.06874
1.99057
1.92056
1.85912
1.80652
1.76262
1.72705
1.69893
1.67703
1.65957
1.64454
1.62971
1.61329
1.59397
1.57134
1.54561
1.5178
1.48912
1.46121
1.43529
1.4124
1.39268
1.37597
1.36137
1.34777
1.33485
1.31995
29.785
29.7695
29.7562
29.7424
29.73
29.7187
29.7083
29.6985
29.6893
29.6803
29.6715
29.6627
29.6538
29.6447
29.6355
29.626
29.6163
29.6063
29.5961
29.5855
29.5746
29.5632
29.5515
29.5391
29.5262
29.5126
29.4982
29.4829
29.4667
29.4493
29.4309
29.4112
29.3902
29.3678
29.344
29.3188
29.2921
29.264
29.2345
29.2035
29.1713
29.1379
29.1035
29.068
29.0317
28.9946
28.9568
28.9183
28.8791
28.8389
28.7976
28.7545
28.7092
28.6607
28.6081
28.55
28.4849
28.4109
28.3259
28.2276
28.1132
27.9799
27.8245
27.6436
27.4338
27.1915
26.9133
26.5957
26.2355
25.8299
25.3763
24.8728
24.3182
23.7132
23.0576
22.3521
21.5997
20.8042
19.9703
19.1036
18.2106
17.2986
16.3753
15.4491
14.5282
13.6208
12.7351
11.8788
11.0591
10.2828
9.55558
8.8822
8.2658
7.70824
7.21022
6.77207
6.39146
6.06582
5.79184
5.56541
5.38183
5.23595
5.12242
5.03589
4.97127
4.92393
4.88981
4.86554
4.84844
4.83645
4.82806
4.8222
4.81808
4.81517
4.81307
4.81145
4.81
4.80837
4.80611
4.80261
4.79712
4.78879
4.77675
4.76024
4.7387
4.71174
4.67912
4.64071
4.59641
4.54616
4.48988
4.42749
4.35889
4.28395
4.20221
4.11281
4.01573
3.9115
3.80084
3.68464
3.56382
3.43941
3.31246
3.18409
3.05542
2.92763
2.80181
2.6791
2.56048
2.44699
2.33958
2.23933
2.14674
2.06167
1.98422
1.91511
1.85472
1.80335
1.76076
1.72656
1.69967
1.67878
1.66185
1.64682
1.63141
1.61403
1.59353
1.56985
1.54328
1.515
1.48614
1.45836
1.43272
1.41027
1.39102
1.37485
1.36075
1.34761
1.33534
1.32111
29.813
29.7998
29.7887
29.776
29.7643
29.7535
29.7433
29.7338
29.7249
29.7162
29.7078
29.6994
29.691
29.6826
29.6739
29.6651
29.656
29.6466
29.6369
29.6269
29.6164
29.6055
29.5941
29.5821
29.5694
29.5561
29.5419
29.5269
29.5109
29.4938
29.4755
29.456
29.4351
29.4128
29.389
29.3636
29.3365
29.3077
29.2771
29.2447
29.2104
29.1742
29.1361
29.0959
29.0536
29.0091
28.9623
28.9131
28.8611
28.806
28.7473
28.6846
28.6171
28.5439
28.464
28.376
28.2787
28.1703
28.049
27.9127
27.7592
27.586
27.3905
27.1699
26.9214
26.642
26.3287
25.9789
25.5899
25.1594
24.6855
24.1668
23.6024
22.9922
22.3372
21.6395
20.901
20.1249
19.315
18.4765
17.6153
16.7379
15.8515
14.9637
14.0821
13.214
12.3669
11.5478
10.7635
10.0199
9.32266
8.67592
8.08285
7.54522
7.06378
6.6383
6.26723
5.94851
5.67932
5.45605
5.27446
5.12987
5.01729
4.93177
4.86854
4.82321
4.79195
4.77147
4.75912
4.75276
4.75074
4.75176
4.7548
4.75905
4.76386
4.76867
4.77294
4.77612
4.77761
4.77678
4.77293
4.76541
4.75365
4.73724
4.71589
4.68948
4.65788
4.62099
4.57863
4.53064
4.4768
4.41692
4.35076
4.27805
4.19796
4.10985
4.01378
3.91031
3.80011
3.68411
3.56324
3.43861
3.31128
3.18248
3.05334
2.92509
2.79884
2.67577
2.55683
2.44312
2.33552
2.23517
2.14255
2.05763
1.98043
1.91177
1.85197
1.80136
1.75961
1.72631
1.70019
1.67983
1.66301
1.64763
1.63142
1.61305
1.59154
1.56711
1.54009
1.51172
1.48301
1.4556
1.4304
1.40848
1.38976
1.37412
1.3605
1.34776
1.33611
1.32246
29.8337
29.8224
29.8132
29.8017
29.7908
29.7804
29.7705
29.7612
29.7523
29.7436
29.7352
29.7268
29.7184
29.7099
29.7013
29.6925
29.6834
29.6741
29.6645
29.6545
29.644
29.6332
29.6218
29.6098
29.5972
29.5838
29.5696
29.5546
29.5385
29.5214
29.503
29.4834
29.4624
29.4399
29.4158
29.3899
29.3623
29.3327
29.301
29.2672
29.231
29.1924
29.1512
29.1073
29.0604
29.0104
28.9571
28.9
28.839
28.7734
28.7028
28.6266
28.5439
28.4539
28.3553
28.2471
28.1278
27.9958
27.8495
27.6869
27.5061
27.3049
27.0808
26.8315
26.5544
26.2469
25.9066
25.531
25.118
24.6658
24.173
23.6385
23.062
22.4438
21.7848
21.0867
20.3519
19.5836
18.7861
17.9642
17.1229
16.2685
15.4076
14.5471
13.6941
12.8555
12.0381
11.2486
10.4928
9.77641
9.10434
8.48054
7.90786
7.38814
6.92225
6.50884
6.14756
5.83664
5.57348
5.35478
5.17666
5.03472
4.92432
4.84079
4.77964
4.73675
4.70845
4.6916
4.68356
4.68216
4.68562
4.69246
4.70147
4.71165
4.72214
4.73216
4.74098
4.74789
4.75221
4.75333
4.75067
4.74383
4.73252
4.7166
4.69601
4.67075
4.64072
4.60578
4.56566
4.52013
4.46886
4.41158
4.34797
4.27754
4.1993
4.11274
4.01793
3.91541
3.8058
3.69007
3.56915
3.44423
3.31639
3.18699
3.05712
2.92816
2.80115
2.67739
2.55777
2.44346
2.33527
2.23443
2.14138
2.05618
1.9788
1.91014
1.85046
1.80015
1.75876
1.72587
1.70005
1.67981
1.66274
1.64682
1.6298
1.61059
1.58838
1.56356
1.53646
1.5083
1.47997
1.45307
1.42842
1.40706
1.38888
1.37375
1.36059
1.34819
1.33711
1.32399
29.8481
29.8384
29.8306
29.82
29.8098
29.7999
29.7903
29.7811
29.7722
29.7636
29.7552
29.7468
29.7384
29.73
29.7214
29.7126
29.7036
29.6943
29.6847
29.6748
29.6644
29.6535
29.6422
29.6302
29.6176
29.6043
29.5901
29.575
29.5589
29.5417
29.5232
29.5035
29.4823
29.4596
29.4353
29.4091
29.381
29.3509
29.3184
29.2836
29.2461
29.2058
29.1625
29.1159
29.0658
29.0119
28.9539
28.8915
28.8241
28.7513
28.6724
28.5869
28.4937
28.392
28.2805
28.1582
28.0236
27.8752
27.7114
27.5305
27.3306
27.1096
26.8655
26.5959
26.2985
25.9711
25.6112
25.217
24.7865
24.3182
23.8111
23.2644
22.6782
22.053
21.39
20.691
19.9584
19.1955
18.4062
17.595
16.7672
15.9284
15.085
14.2437
13.4109
12.5932
11.797
11.028
10.2921
9.59471
8.9403
8.33236
7.77351
7.26563
6.80982
6.40462
6.04963
5.7436
5.48414
5.26823
5.09221
4.95195
4.84301
4.76095
4.70149
4.6607
4.63505
4.62146
4.61731
4.62036
4.62866
4.64059
4.65474
4.66995
4.68519
4.6995
4.71198
4.72181
4.72825
4.73078
4.72901
4.72279
4.71207
4.69697
4.67755
4.65385
4.62574
4.59302
4.55534
4.5124
4.46379
4.40921
4.34822
4.28015
4.20392
4.11913
4.02577
3.92437
3.81548
3.70011
3.57918
3.45398
3.3256
3.19551
3.06481
2.93498
2.80705
2.68238
2.56186
2.4467
2.33767
2.23606
2.14228
2.05649
1.97861
1.90962
1.84972
1.79932
1.75793
1.72506
1.69918
1.6787
1.66116
1.64456
1.62677
1.6069
1.58428
1.55937
1.53246
1.50472
1.47695
1.45066
1.42663
1.40587
1.38827
1.37361
1.3609
1.3488
1.33827
1.3256
29.8574
29.8487
29.8417
29.8317
29.8219
29.8122
29.8028
29.7937
29.7849
29.7763
29.7678
29.7595
29.7511
29.7427
29.7342
29.7255
29.7167
29.7075
29.6981
29.6883
29.6781
29.6674
29.6562
29.6444
29.632
29.6188
29.6047
29.5897
29.5737
29.5566
29.5382
29.5185
29.4974
29.4747
29.4503
29.4241
29.3959
29.3655
29.3327
29.2973
29.259
29.2177
29.173
29.1246
29.0724
29.0159
28.9547
28.8885
28.8168
28.739
28.6546
28.5627
28.4624
28.3527
28.2325
28.1006
27.9555
27.796
27.6204
27.4272
27.2144
26.9804
26.7229
26.4399
26.1292
25.7886
25.4161
25.0097
24.5678
24.0892
23.5729
23.0186
22.4263
21.7969
21.1317
20.4326
19.7021
18.9432
18.1599
17.3564
16.5379
15.7099
14.8784
14.0497
13.2301
12.4258
11.6429
10.8868
10.1629
9.47627
8.83124
8.23153
7.68008
7.17802
6.72647
6.32544
5.97304
5.66871
5.41044
5.19537
5.02001
4.88038
4.77219
4.69111
4.633
4.59404
4.57078
4.56017
4.55954
4.56654
4.57907
4.59535
4.6138
4.63314
4.65218
4.66986
4.68512
4.69709
4.70506
4.70863
4.7076
4.70207
4.6922
4.67826
4.66034
4.63851
4.61255
4.5822
4.54705
4.50674
4.46083
4.40897
4.35059
4.28496
4.21085
4.12793
4.03613
3.93593
3.82783
3.71285
3.59193
3.46644
3.33751
3.20667
3.07508
2.94428
2.81532
2.68961
2.56803
2.45184
2.3418
2.23922
2.14452
2.05788
1.97929
1.90969
1.8493
1.79851
1.75681
1.72363
1.69739
1.67642
1.65826
1.64094
1.62253
1.60222
1.57947
1.5547
1.52823
1.50104
1.47394
1.4483
1.42496
1.40481
1.38783
1.37363
1.36137
1.34953
1.33949
1.32721
29.8635
29.8557
29.849
29.8394
29.8299
29.8204
29.8111
29.802
29.7932
29.7846
29.7761
29.7678
29.7594
29.7511
29.7427
29.7341
29.7253
29.7163
29.7071
29.6974
29.6874
29.677
29.6661
29.6545
29.6423
29.6294
29.6156
29.6008
29.585
29.5681
29.5499
29.5304
29.5095
29.487
29.4628
29.4367
29.4086
29.3783
29.3454
29.3098
29.2711
29.2292
29.1837
29.1343
29.0807
29.0224
28.9591
28.8904
28.8158
28.7348
28.6466
28.5504
28.4453
28.3303
28.2041
28.0656
27.9136
27.7465
27.563
27.3616
27.1404
26.8977
26.6315
26.3397
26.0202
25.6711
25.2903
24.8762
24.4271
23.942
23.42
22.861
22.2651
21.6334
20.9672
20.2684
19.5396
18.7837
18.0045
17.2064
16.3941
15.5732
14.7494
13.9288
13.1174
12.3215
11.5466
10.798
10.0807
9.39985
8.75955
8.16338
7.6141
7.11414
6.66387
6.26353
5.91171
5.60727
5.34874
5.13345
4.958
4.81848
4.71068
4.63033
4.57337
4.53604
4.51493
4.50697
4.50944
4.51985
4.53595
4.5558
4.57769
4.60024
4.62217
4.64233
4.65959
4.67307
4.68215
4.68656
4.68631
4.68167
4.67295
4.66047
4.64435
4.62457
4.60087
4.57294
4.54031
4.50263
4.45939
4.41023
4.35453
4.29122
4.21926
4.13826
4.04805
3.94905
3.84174
3.72714
3.60622
3.48041
3.3509
3.21927
3.08676
2.95491
2.82487
2.69801
2.57532
2.45797
2.34683
2.24315
2.14742
2.05977
1.98032
1.9099
1.84884
1.7974
1.75517
1.72142
1.69463
1.67297
1.65417
1.63619
1.61736
1.59682
1.57421
1.54977
1.52389
1.49732
1.47096
1.44599
1.4234
1.40384
1.38751
1.37374
1.36193
1.35032
1.34072
1.32877
29.8679
29.8606
29.8542
29.8449
29.8356
29.8263
29.817
29.808
29.7992
29.7906
29.7821
29.7738
29.7655
29.7572
29.7488
29.7403
29.7317
29.7228
29.7137
29.7042
29.6945
29.6843
29.6736
29.6623
29.6504
29.6378
29.6243
29.6098
29.5943
29.5776
29.5598
29.5406
29.5199
29.4978
29.4739
29.4481
29.4203
29.3901
29.3573
29.3217
29.283
29.2409
29.195
29.145
29.0905
29.0312
28.9666
28.8963
28.8199
28.7367
28.6461
28.5472
28.439
28.3204
28.1903
28.0476
27.8909
27.7189
27.5303
27.3235
27.0968
26.8485
26.5766
26.279
25.9539
25.5992
25.2132
24.7941
24.3404
23.8512
23.3256
22.7636
22.1656
21.5324
20.8657
20.1673
19.4397
18.6858
17.9093
17.1145
16.3062
15.4897
14.6707
13.8551
13.0487
12.2576
11.4873
10.7427
10.0287
9.35025
8.71164
8.11642
7.56744
7.06678
6.61578
6.21447
5.86215
5.55686
5.29741
5.08143
4.90558
4.76594
4.65835
4.57857
4.52257
4.48662
4.46732
4.46159
4.46661
4.47979
4.49871
4.52128
4.54574
4.57059
4.59455
4.61638
4.63499
4.64951
4.65944
4.66465
4.66532
4.66182
4.65452
4.64375
4.62958
4.61193
4.5905
4.56493
4.53476
4.49959
4.45895
4.41238
4.35916
4.29817
4.22836
4.14922
4.06059
3.96273
3.8562
3.74193
3.62104
3.49486
3.36481
3.23236
3.09895
2.96602
2.83491
2.70685
2.58303
2.46447
2.35221
2.24735
2.15054
2.06176
1.98137
1.90999
1.84814
1.79587
1.75295
1.71842
1.69097
1.66854
1.64913
1.63061
1.61157
1.591
1.56875
1.54476
1.51956
1.49363
1.46806
1.44375
1.42193
1.40296
1.38729
1.37392
1.36256
1.35114
1.34191
1.33022
29.8712
29.8644
29.858
29.849
29.8399
29.8306
29.8215
29.8125
29.8037
29.7951
29.7867
29.7784
29.7701
29.7619
29.7536
29.7452
29.7367
29.728
29.719
29.7097
29.7001
29.6901
29.6797
29.6688
29.6572
29.6448
29.6316
29.6175
29.6022
29.5859
29.5684
29.5495
29.5292
29.5074
29.4839
29.4585
29.4309
29.401
29.3684
29.333
29.2944
29.2522
29.2062
29.1559
29.1011
29.0411
28.9758
28.9046
28.827
28.7426
28.6505
28.55
28.4399
28.3191
28.1866
28.0411
27.8815
27.7064
27.5146
27.3044
27.0743
26.8225
26.5469
26.2457
25.9169
25.5586
25.1692
24.7469
24.2904
23.7986
23.2708
22.7069
22.1074
21.4734
20.8063
20.1081
19.3812
18.6285
17.8535
17.0607
16.2546
15.4406
14.6244
13.8116
13.008
12.2196
11.4517
10.7089
9.99615
9.31831
8.67969
8.08395
7.53409
7.03219
6.57949
6.17645
5.82262
5.51662
5.25618
5.03943
4.86308
4.72323
4.61573
4.53634
4.48105
4.44614
4.42822
4.42416
4.43107
4.44625
4.46715
4.49156
4.5177
4.544
4.56918
4.59199
4.61141
4.62662
4.63728
4.64332
4.64507
4.64289
4.63722
4.62826
4.61611
4.60055
4.58131
4.55794
4.53008
4.49722
4.45901
4.41481
4.36393
4.30509
4.23734
4.15995
4.07284
3.97603
3.87028
3.75631
3.63549
3.50896
3.37843
3.24518
3.11095
2.97696
2.84483
2.71559
2.59068
2.4709
2.35755
2.25148
2.1536
2.06364
1.98228
1.90984
1.84711
1.79388
1.75017
1.71475
1.68656
1.66335
1.64343
1.62449
1.60545
1.58503
1.56328
1.53981
1.51535
1.49004
1.46526
1.44159
1.42054
1.40215
1.38714
1.37416
1.36322
1.35198
1.34302
1.33153
29.8741
29.8675
29.8611
29.8521
29.8432
29.834
29.8249
29.816
29.8072
29.7987
29.7903
29.782
29.7738
29.7657
29.7575
29.7492
29.7408
29.7322
29.7233
29.7142
29.7048
29.6951
29.685
29.6743
29.663
29.6509
29.6379
29.624
29.6091
29.593
29.5758
29.5572
29.5373
29.5158
29.4926
29.4675
29.4402
29.4105
29.3781
29.3429
29.3043
29.2623
29.2162
29.1659
29.1109
29.0507
28.9849
28.9132
28.8351
28.75
28.6571
28.5556
28.4444
28.3224
28.1884
28.0413
27.8799
27.703
27.5092
27.297
27.0648
26.8107
26.5328
26.2292
25.8981
25.5376
25.146
24.7218
24.2635
23.77
23.2408
22.6757
22.0752
21.4406
20.7732
20.075
19.3484
18.5963
17.8221
17.0302
16.2253
15.4127
14.598
13.7868
12.9848
12.198
11.4312
10.6892
9.97662
9.29849
8.65915
8.06236
7.51119
7.00787
6.55363
6.14893
5.79346
5.48628
5.22536
5.00798
4.83121
4.69108
4.58353
4.50432
4.44943
4.41514
4.39804
4.39498
4.403
4.41932
4.44132
4.46668
4.49362
4.52056
4.54624
4.56944
4.58924
4.6049
4.6162
4.62312
4.62605
4.62531
4.62134
4.61421
4.60401
4.5904
4.57316
4.55176
4.52595
4.49515
4.45909
4.417
4.36821
4.31131
4.24544
4.16966
4.08396
3.98817
3.88317
3.76954
3.64882
3.52204
3.3911
3.25718
3.1222
2.98727
2.85419
2.72385
2.59789
2.47696
2.36254
2.25533
2.15636
2.06524
1.98286
1.90936
1.84568
1.79146
1.74686
1.71053
1.68157
1.65765
1.6373
1.61814
1.59923
1.57912
1.55794
1.53505
1.5113
1.48662
1.46257
1.43955
1.41924
1.40145
1.38704
1.37447
1.36388
1.35283
1.34399
1.33266
29.8768
29.8702
29.8636
29.8546
29.8457
29.8366
29.8276
29.8187
29.81
29.8015
29.7932
29.785
29.7769
29.7688
29.7607
29.7525
29.7442
29.7357
29.727
29.7181
29.7088
29.6993
29.6893
29.6789
29.6678
29.6559
29.6432
29.6295
29.6148
29.5989
29.5819
29.5636
29.5439
29.5226
29.4996
29.4747
29.4476
29.418
29.3858
29.3506
29.3122
29.2702
29.2242
29.1738
29.1187
29.0584
28.9924
28.9205
28.8421
28.7566
28.6633
28.5613
28.4494
28.3266
28.1918
28.0438
27.8814
27.7033
27.5084
27.295
27.0614
26.8059
26.5266
26.2216
25.8889
25.527
25.134
24.7085
24.249
23.7545
23.2244
22.6585
22.0574
21.4222
20.7546
20.0564
19.3298
18.5779
17.8042
17.0127
16.2085
15.3966
14.5827
13.7725
12.9717
12.1858
11.4198
10.678
9.96538
9.28683
8.64675
8.04902
7.49677
6.9923
6.53691
6.13112
5.77459
5.46636
5.20481
4.98726
4.8102
4.66975
4.562
4.4827
4.4278
4.39361
4.37668
4.37385
4.38213
4.39868
4.42083
4.44628
4.47318
4.50006
4.52562
4.5488
4.56868
4.5847
4.59661
4.60451
4.60869
4.60949
4.6072
4.60188
4.59346
4.58163
4.56608
4.54638
4.52223
4.49316
4.45884
4.41855
4.3715
4.31631
4.25203
4.17773
4.09324
3.99847
3.89415
3.78096
3.66037
3.53352
3.40224
3.26785
3.13219
2.99651
2.86252
2.73126
2.60426
2.48233
2.36684
2.25862
2.15853
2.06636
1.9829
1.90841
1.84371
1.78856
1.74302
1.70588
1.67617
1.65175
1.63108
1.61193
1.59326
1.57363
1.55301
1.53077
1.50762
1.48358
1.46014
1.43778
1.41807
1.40089
1.38697
1.37481
1.36446
1.35362
1.34473
1.33355
29.8792
29.8723
29.8656
29.8566
29.8477
29.8386
29.8296
29.8207
29.8121
29.8036
29.7954
29.7873
29.7792
29.7713
29.7633
29.7552
29.747
29.7386
29.7301
29.7212
29.7122
29.7028
29.6929
29.6826
29.6716
29.6599
29.6473
29.6338
29.6192
29.6035
29.5866
29.5685
29.5489
29.5278
29.5049
29.4801
29.453
29.4235
29.3914
29.3562
29.3178
29.2758
29.2298
29.1795
29.1243
29.0639
28.998
28.9259
28.8474
28.7618
28.6682
28.5659
28.4537
28.3305
28.1952
28.0467
27.8837
27.7051
27.5095
27.2954
27.0611
26.8047
26.5245
26.2186
25.885
25.5222
25.1284
24.7021
24.2419
23.7466
23.2159
22.6494
22.0479
21.4124
20.7444
20.046
19.3193
18.5674
17.7936
17.0023
16.1983
15.3866
14.5731
13.7634
12.963
12.1775
11.4117
10.6701
9.95735
9.27859
8.63821
8.04009
7.4874
6.98246
6.52663
6.12042
5.76356
5.45503
5.19308
4.97525
4.79808
4.65753
4.54952
4.46989
4.4146
4.37999
4.36261
4.3593
4.36704
4.38301
4.40456
4.42939
4.45571
4.48208
4.50729
4.53033
4.55038
4.56689
4.57964
4.58869
4.59426
4.59664
4.59598
4.59229
4.58541
4.57501
4.56077
4.54231
4.51934
4.49151
4.45844
4.41946
4.37368
4.31978
4.2567
4.18356
4.10004
4.0061
3.90236
3.7896
3.66915
3.54234
3.41084
3.27613
3.13996
3.00371
2.869
2.737
2.60914
2.48637
2.36997
2.2609
2.15984
2.06676
1.98235
1.907
1.84139
1.78544
1.73912
1.70136
1.67114
1.64647
1.62574
1.6068
1.58848
1.56938
1.54928
1.52761
1.50492
1.48139
1.45839
1.43652
1.41725
1.40053
1.38693
1.37509
1.36488
1.3542
1.3452
1.3341
29.8812
29.8738
29.8671
29.8579
29.849
29.8398
29.8308
29.822
29.8134
29.805
29.7968
29.7888
29.7808
29.7729
29.765
29.757
29.7488
29.7405
29.732
29.7233
29.7143
29.705
29.6953
29.685
29.6741
29.6625
29.6499
29.6365
29.622
29.6064
29.5896
29.5715
29.552
29.5309
29.5081
29.4833
29.4563
29.4268
29.3947
29.3596
29.3212
29.2792
29.2332
29.1828
29.1277
29.0673
29.0013
28.9293
28.8507
28.765
28.6715
28.569
28.4567
28.3335
28.1981
28.0494
27.8863
27.7076
27.5118
27.2975
27.063
26.8065
26.5261
26.2199
25.8862
25.5232
25.1291
24.7025
24.242
23.7465
23.2155
22.6488
22.047
21.4112
20.743
20.0441
19.3171
18.5647
17.7905
16.9987
16.1942
15.3821
14.5683
13.7584
12.958
12.1722
11.406
10.6638
9.95065
9.27142
8.63061
8.0321
7.47911
6.97392
6.51798
6.11174
5.75497
5.44659
5.18483
4.96708
4.78994
4.64948
4.54156
4.46203
4.40667
4.37183
4.3541
4.35033
4.35754
4.3729
4.39382
4.41804
4.44387
4.46986
4.49492
4.51804
4.53845
4.55557
4.56916
4.57921
4.5859
4.58941
4.58987
4.58722
4.58126
4.57168
4.55813
4.54031
4.51795
4.49074
4.4583
4.42004
4.3749
4.32168
4.25924
4.18671
4.1037
4.01021
3.90677
3.79424
3.67388
3.54708
3.41546
3.28059
3.14415
3.00759
2.87249
2.74008
2.61174
2.4885
2.37166
2.26202
2.1604
2.06677
1.9818
1.90591
1.83976
1.78332
1.73655
1.69846
1.66802
1.6433
1.62264
1.60393
1.58588
1.56715
1.54736
1.52602
1.50358
1.48032
1.45752
1.43592
1.41684
1.40036
1.38691
1.37522
1.36506
1.35446
1.34539
1.33431
1.47524
1.43738
1.39739
1.36326
1.32783
1.28928
1.24903
1.20763
1.16494
1.12111
1.077
1.03245
0.987852
0.943517
0.898959
0.853285
0.805111
0.752475
0.693101
0.624016
0.542648
0.444783
0.330853
0.196576
0.0592044
1.45554
1.42257
1.38627
1.35304
1.31804
1.28013
1.24052
1.19967
1.15754
1.11445
1.07079
1.02731
0.984253
0.941474
0.898554
0.854394
0.807392
0.755501
0.696529
0.627676
0.546578
0.449081
0.335585
0.201568
0.0638428
1.44058
1.41068
1.37673
1.344
1.30941
1.27215
1.23316
1.19287
1.15134
1.10896
1.06618
1.02363
0.981657
0.940186
0.898729
0.856013
0.810244
0.759235
0.700798
0.632237
0.551403
0.454152
0.341018
0.207005
0.0685796
1.42832
1.40014
1.36789
1.33563
1.30143
1.26472
1.22627
1.18647
1.14548
1.10371
1.06166
1.01993
0.979046
0.938817
0.898734
0.85743
0.812973
0.763019
0.705311
0.637159
0.556602
0.45949
0.346619
0.212361
0.0731763
1.41764
1.39057
1.35968
1.32792
1.29409
1.25788
1.2199
1.18053
1.14002
1.0988
1.05742
1.01654
0.976644
0.937564
0.898757
0.8588
0.815656
0.766824
0.709941
0.642273
0.562025
0.465011
0.352351
0.217606
0.0775967
1.40819
1.38194
1.35213
1.32085
1.2874
1.25164
1.2141
1.17513
1.13506
1.09435
1.05362
1.01355
0.974594
0.936598
0.898979
0.860279
0.818389
0.77067
0.714645
0.647499
0.567586
0.47064
0.358147
0.222698
0.0817759
1.39981
1.37416
1.34519
1.31437
1.28131
1.24597
1.20882
1.17023
1.13058
1.09037
1.05027
1.01096
0.972911
0.935939
0.899436
0.861908
0.821197
0.774549
0.719383
0.652776
0.573209
0.476299
0.36393
0.227581
0.0856849
1.39232
1.36712
1.3388
1.3084
1.27571
1.24077
1.20399
1.16577
1.12652
1.08679
1.0473
1.00872
0.971558
0.935562
0.900113
0.863684
0.82408
0.778452
0.724127
0.658057
0.578836
0.481929
0.369638
0.232222
0.0893212
1.38557
1.36071
1.33289
1.30288
1.27055
1.23598
1.19956
1.16169
1.12282
1.08357
1.04466
1.00679
0.970365
0.935438
0.900993
0.865597
0.827033
0.78237
0.728854
0.663309
0.584425
0.487484
0.375228
0.236604
0.0927093
1.37946
1.35485
1.32742
1.29775
1.26575
1.23153
1.19545
1.15793
1.11945
1.08067
1.04233
1.00516
0.969573
0.935541
0.902054
0.867636
0.830046
0.78629
0.733546
0.668502
0.589941
0.49293
0.38067
0.240722
0.0958774
1.3739
1.34947
1.32235
1.29297
1.26128
1.22739
1.19164
1.15445
1.11636
1.07805
1.04028
1.00379
0.969027
0.935852
0.90328
0.869783
0.833106
0.790198
0.73818
0.67361
0.595354
0.498239
0.385938
0.244576
0.0988508
1.36881
1.34451
1.31764
1.28851
1.25711
1.22353
1.18809
1.15124
1.11354
1.07569
1.03849
1.00268
0.968695
0.936354
0.904651
0.872022
0.836196
0.794074
0.742736
0.678608
0.600635
0.503387
0.391014
0.248173
0.10165
1.36415
1.33994
1.31325
1.28435
1.2532
1.2199
1.18478
1.14826
1.11095
1.07357
1.03695
1.0018
0.96857
0.937029
0.90615
0.874334
0.839296
0.797899
0.74719
0.683469
0.60576
0.508353
0.395884
0.251517
0.104292
1.35986
1.33572
1.30918
1.28045
1.24953
1.2165
1.18167
1.1455
1.10858
1.07168
1.03563
1.00113
0.968638
0.937861
0.90776
0.876701
0.842388
0.801652
0.75152
0.688171
0.610704
0.513117
0.400533
0.254618
0.106789
1.35591
1.33181
1.30538
1.27681
1.24608
1.2133
1.17877
1.14293
1.10642
1.07001
1.03452
1.00067
0.968883
0.938833
0.909465
0.879106
0.845453
0.805314
0.755704
0.69269
0.615445
0.517663
0.404952
0.257483
0.109149
1.35228
1.32819
1.30184
1.2734
1.24285
1.2103
1.17605
1.14055
1.10445
1.06853
1.03362
1.0004
0.969291
0.939932
0.91125
0.88153
0.848472
0.808863
0.759722
0.697005
0.619963
0.521974
0.409129
0.260121
0.111377
1.34893
1.32483
1.29855
1.2702
1.23981
1.20747
1.1735
1.13834
1.10266
1.06724
1.0329
1.00032
0.969849
0.941146
0.913097
0.883956
0.851425
0.812282
0.763553
0.701096
0.624239
0.526036
0.413058
0.262537
0.113476
1.34584
1.32173
1.29547
1.2672
1.23694
1.20481
1.17111
1.1363
1.10105
1.06613
1.03236
1.00039
0.970547
0.942459
0.91499
0.886367
0.854296
0.815552
0.767179
0.704945
0.628256
0.529837
0.41673
0.264741
0.115449
1.34299
1.31884
1.29259
1.26439
1.23425
1.20231
1.16887
1.13441
1.09959
1.06518
1.03199
1.00062
0.97137
0.943854
0.916913
0.888745
0.857067
0.818656
0.770585
0.708537
0.631998
0.533366
0.420137
0.266738
0.117296
1.34035
1.31615
1.2899
1.26174
1.2317
1.19995
1.16677
1.13266
1.09828
1.06439
1.03176
1.00099
0.972302
0.945316
0.918849
0.891074
0.859722
0.82158
0.773756
0.711858
0.635453
0.536612
0.423275
0.268534
0.119014
1.33791
1.31364
1.28736
1.25923
1.22929
1.19771
1.1648
1.13104
1.0971
1.06373
1.03167
1.00147
0.973328
0.946828
0.92078
0.893337
0.862247
0.82431
0.776679
0.714897
0.638609
0.539567
0.426137
0.270135
0.120604
1.33563
1.31127
1.28496
1.25685
1.227
1.19559
1.16294
1.12954
1.09605
1.0632
1.03171
1.00206
0.974428
0.948372
0.922689
0.895518
0.864626
0.826834
0.779345
0.717644
0.641458
0.542224
0.428718
0.271546
0.122063
1.33347
1.30902
1.28267
1.25457
1.22481
1.19357
1.16118
1.12814
1.09511
1.06278
1.03184
1.00274
0.975588
0.949926
0.924559
0.897603
0.866848
0.829143
0.781745
0.720092
0.643992
0.544578
0.431015
0.272771
0.123389
1.33142
1.30686
1.28046
1.25238
1.2227
1.19163
1.15951
1.12684
1.09426
1.06246
1.03207
1.00349
0.97679
0.951483
0.926374
0.899578
0.868903
0.831229
0.783875
0.722238
0.646207
0.546627
0.433026
0.273816
0.124582
1.32946
1.30478
1.27832
1.25026
1.22067
1.18978
1.15793
1.12564
1.09352
1.06224
1.03238
1.00431
0.978025
0.953029
0.928126
0.901436
0.870785
0.83309
0.785733
0.724079
0.6481
0.548363
0.434748
0.274679
0.125641
1.3276
1.30278
1.27627
1.24823
1.21874
1.18804
1.15647
1.12456
1.0929
1.06214
1.0328
1.00521
0.97931
0.954578
0.929828
0.90319
0.872507
0.834735
0.787325
0.725616
0.649666
0.549779
0.436167
0.275358
0.12655
1.32571
1.30076
1.27422
1.24621
1.21684
1.18634
1.15508
1.12355
1.09236
1.06211
1.03328
1.00614
0.980592
0.95608
0.931431
0.904792
0.874024
0.836127
0.788617
0.726826
0.650876
0.550871
0.437254
0.275893
0.12726
1.32349
1.29849
1.27198
1.24408
1.21488
1.18464
1.15372
1.12263
1.09194
1.06222
1.03391
1.00722
0.981996
0.95766
0.933052
0.90634
0.875407
0.837305
0.789621
0.727702
0.651712
0.551617
0.437983
0.276267
0.127762
1.321
1.296
1.26958
1.24185
1.21288
1.18293
1.1524
1.12178
1.09162
1.06245
1.03467
1.00842
0.983517
0.959334
0.934716
0.907867
0.87669
0.838294
0.79036
0.728232
0.65219
0.551957
0.43843
0.276326
0.128273
1.31853
1.29353
1.26722
1.23965
1.21091
1.18127
1.15112
1.12096
1.09131
1.06268
1.0354
1.00957
0.984958
0.960892
0.936222
0.909194
0.877736
0.839005
0.790789
0.728415
0.652312
0.551931
0.438573
0.276128
0.128699
1.31616
1.29116
1.26494
1.23754
1.20903
1.1797
1.14993
1.12022
1.09107
1.06295
1.03615
1.01072
0.986361
0.962382
0.937639
0.910374
0.878598
0.839492
0.79095
0.728285
0.652088
0.551552
0.438384
0.275703
0.128978
1.31383
1.28884
1.26273
1.23549
1.20722
1.17819
1.14881
1.11953
1.09087
1.06324
1.03689
1.01183
0.987698
0.963775
0.938909
0.911385
0.87926
0.839743
0.790838
0.727846
0.651526
0.550834
0.437869
0.275065
0.129101
1.31157
1.28659
1.26059
1.23352
1.20548
1.17677
1.14776
1.11892
1.09072
1.06356
1.03764
1.01291
0.988964
0.965064
0.940042
0.912224
0.879719
0.839762
0.790462
0.727106
0.650635
0.54978
0.437033
0.274207
0.129063
1.30943
1.28445
1.25857
1.23172
1.20386
1.17547
1.14683
1.11841
1.09065
1.06392
1.03838
1.01395
0.99016
0.966249
0.94104
0.912892
0.879981
0.839557
0.78983
0.726077
0.649427
0.548404
0.43588
0.273125
0.128861
1.30744
1.28247
1.25672
1.23004
1.20245
1.1743
1.14603
1.118
1.09065
1.06433
1.03914
1.01496
0.991287
0.96733
0.941904
0.913394
0.880051
0.839137
0.788955
0.724774
0.647915
0.546717
0.434415
0.271812
0.128485
1.30564
1.2807
1.2551
1.22859
1.2012
1.17333
1.14539
1.11774
1.09077
1.0648
1.03992
1.01595
0.992349
0.968312
0.942638
0.913774
0.879934
0.83851
0.787847
0.72321
0.646115
0.544731
0.432644
0.270257
0.127923
1.30407
1.2792
1.25377
1.22745
1.20023
1.17261
1.14495
1.11764
1.09101
1.06536
1.04073
1.01693
0.993353
0.969198
0.943245
0.913978
0.879639
0.837687
0.786517
0.7214
0.644039
0.54246
0.430571
0.268446
0.127158
1.30277
1.27803
1.2528
1.22665
1.1996
1.17216
1.14474
1.11774
1.09139
1.06601
1.04158
1.0179
0.994306
0.969997
0.943731
0.914031
0.879173
0.836678
0.784976
0.719357
0.641702
0.539916
0.428198
0.266359
0.126168
1.30182
1.27728
1.25225
1.22627
1.19934
1.17204
1.14481
1.11806
1.09195
1.06679
1.0425
1.01889
0.995219
0.970718
0.944106
0.913952
0.878542
0.835491
0.783237
0.717094
0.639119
0.53711
0.425532
0.26397
0.124923
1.30127
1.27701
1.25221
1.22635
1.19949
1.17229
1.14524
1.11862
1.09269
1.06769
1.04349
1.01989
0.996104
0.971373
0.944378
0.91375
0.877747
0.834138
0.781309
0.714627
0.636305
0.534057
0.42258
0.261262
0.123388
1.30119
1.27729
1.25271
1.22693
1.20009
1.17292
1.14591
1.11943
1.09361
1.06872
1.04455
1.02092
0.996959
0.971961
0.944549
0.913429
0.876838
0.832622
0.7792
0.711973
0.633282
0.530797
0.419372
0.258247
0.121554
1.30168
1.27815
1.25376
1.22801
1.20112
1.17392
1.14689
1.12047
1.0947
1.06988
1.04567
1.02197
0.997784
0.972489
0.944629
0.913005
0.875966
0.830977
0.776947
0.709176
0.630105
0.527378
0.415973
0.254931
0.119479
1.30275
1.27952
1.25531
1.22951
1.20248
1.1752
1.14809
1.12168
1.09589
1.07108
1.04679
1.02299
0.998551
0.972941
0.944626
0.912499
0.874844
0.829271
0.774634
0.706341
0.626882
0.523922
0.412509
0.251402
0.117312
1.30426
1.28124
1.25718
1.23128
1.20406
1.17666
1.14942
1.12296
1.09711
1.07227
1.04787
1.02393
0.999232
0.973296
0.944543
0.911926
0.873676
0.827566
0.772331
0.703576
0.623698
0.52058
0.409051
0.247876
0.115093
1.30611
1.28322
1.25928
1.23324
1.20579
1.17823
1.15083
1.12429
1.09834
1.07343
1.0489
1.02479
0.999839
0.973564
0.9444
0.911308
0.872507
0.825892
0.770079
0.700924
0.620603
0.517405
0.40564
0.244445
0.112848
1.30821
1.28539
1.26155
1.23533
1.20764
1.1799
1.15231
1.12565
1.09958
1.07456
1.04989
1.02557
1.00038
0.973748
0.944204
0.910648
0.871337
0.824249
0.767891
0.698392
0.617631
0.514408
0.402323
0.241137
0.110605
1.31052
1.28771
1.26395
1.23754
1.20959
1.18163
1.15385
1.12703
1.10082
1.07564
1.05084
1.02626
1.00085
0.973855
0.943967
0.909955
0.870179
0.822647
0.765788
0.695986
0.614809
0.51159
0.399131
0.23795
0.108375
1.31298
1.29014
1.26646
1.23983
1.21163
1.18343
1.15544
1.12842
1.10207
1.07668
1.05175
1.02689
1.00128
0.973895
0.9437
0.90924
0.869046
0.821096
0.763784
0.693712
0.612156
0.508947
0.396083
0.234877
0.106161
1.31557
1.29266
1.26906
1.24219
1.21375
1.18527
1.15707
1.12981
1.10333
1.07768
1.05262
1.02744
1.00165
0.973882
0.943412
0.908517
0.867952
0.819609
0.761894
0.691575
0.609685
0.506476
0.39319
0.231916
0.103962
1.31823
1.29526
1.27174
1.24462
1.21595
1.18715
1.15874
1.13119
1.10457
1.07864
1.05344
1.02794
1.00198
0.973829
0.943113
0.907802
0.866906
0.818197
0.760126
0.689583
0.6074
0.504174
0.390463
0.229072
0.101774
1.32095
1.29795
1.27449
1.2471
1.21822
1.18907
1.16043
1.13257
1.1058
1.07956
1.05423
1.02839
1.00227
0.973753
0.942811
0.90711
0.865918
0.816874
0.758488
0.687738
0.605305
0.50204
0.387908
0.226352
0.0995933
1.32372
1.30072
1.27728
1.24963
1.22053
1.19101
1.16217
1.13393
1.107
1.08045
1.05497
1.02881
1.00253
0.97367
0.942517
0.906458
0.864995
0.815651
0.756984
0.686047
0.603396
0.500072
0.385531
0.223772
0.0974198
1.32654
1.30359
1.28011
1.25219
1.22284
1.19294
1.16388
1.13528
1.10816
1.0813
1.05567
1.02921
1.00276
0.973598
0.94224
0.90586
0.864149
0.814542
0.755617
0.684511
0.601671
0.498274
0.383339
0.221343
0.0952671
1.32939
1.30652
1.28288
1.25471
1.22508
1.19481
1.16551
1.13657
1.10924
1.08212
1.0563
1.0296
1.00297
0.973548
0.941985
0.905329
0.863395
0.813557
0.754392
0.683119
0.600139
0.49662
0.381345
0.219037
0.0931546
1.33211
1.30931
1.2854
1.25704
1.22711
1.19656
1.16696
1.13776
1.1102
1.08288
1.05686
1.02997
1.00315
0.973525
0.941761
0.904885
0.862752
0.812676
0.75333
0.681865
0.598815
0.495066
0.379553
0.216891
0.0911313
1.33436
1.31161
1.28744
1.25895
1.22881
1.19801
1.16816
1.13876
1.111
1.08353
1.05735
1.03032
1.00333
0.973557
0.941623
0.904566
0.862234
0.811938
0.752454
0.680783
0.597652
0.49367
0.377944
0.214951
0.089303
1.33584
1.31318
1.28883
1.26024
1.22994
1.19901
1.16901
1.13949
1.1116
1.08405
1.05774
1.03062
1.00351
0.973623
0.941539
0.904311
0.861828
0.811342
0.751756
0.679898
0.59674
0.492546
0.37669
0.213371
0.0877779
)
;

boundaryField
{
    inlet
    {
        type            zeroGradient;
    }
    outlet
    {
        type            fixedValue;
        value           uniform 0;
    }
    upperWall
    {
        type            zeroGradient;
    }
    lowerWall
    {
        type            zeroGradient;
    }
    frontAndBack
    {
        type            empty;
    }
}


// ************************************************************************* //
